{
    "animation": [
        {
            "name": "Root",
            "time": [0.0, 2.0, 1.0],
            "transform": [
                [1.0, 0.0, 0.0, -5e-06, 0.0, 0.0, -1.0, 0.000946, 0.0, 1.0, 0.0, 0.763972, 0.0, 0.0, 0.0, 1.0],
                [1.0, 0.0, 0.0, -5e-06, 0.0, 0.0, -1.0, 0.000946, 0.0, 1.0, 0.0, 0.71469, 0.0, 0.0, 0.0, 1.0],
                [1.0, 0.0, 0.0, -5e-06, 0.0, 0.0, -1.0, 0.000946, 0.0, 1.0, 0.0, 0.763972, 0.0, 0.0, 0.0, 1.0]
            ]
        },
        {
            "name": "Thigh_R",
            "time": [0.0, 2.0, 1.0],
            "transform": [
                [0.484434, 0.315249, 0.816053, 0.08687, 0.244896, -0.944388, 0.219448, -0.036552, 0.839851, 0.09354, -0.534697, 0.074568, 0.0, 0.0, 0.0, 1.0],
                [0.472083, 0.452543, 0.756533, 0.08687, 0.26338, -0.891389, 0.36886, -0.036552, 0.84129, 0.025123, -0.540001, 0.074568, 0.0, 0.0, 0.0, 1.0],
                [0.484434, 0.315249, 0.816053, 0.08687, 0.244896, -0.944388, 0.219448, -0.036552, 0.839851, 0.09354, -0.534697, 0.074568, 0.0, 0.0, 0.0, 1.0]
            ]
        },
        {
            "name": "Leg_R",
            "time": [0.0, 1.0, 2.0],
            "transform": [
                [1.0, 1.2e-05, 5e-06, 0.0, -1.3e-05, 0.816762, 0.576974, 0.374726, 3e-06, -0.576975, 0.816762, 0.0, 0.0, 0.0, 0.0, 1.0],
                [1.0, 1.7e-05, 9e-06, -0.0, -1.8e-05, 0.583273, 0.812276, 0.374726, 8e-06, -0.812276, 0.583273, 0.0, 0.0, 0.0, 0.0, 1.0],
                [1.0, 1.2e-05, 5e-06, 0.0, -1.3e-05, 0.816762, 0.576974, 0.374726, 3e-06, -0.576975, 0.816762, 0.0, 0.0, 0.0, 0.0, 1.0]
            ]
        },
        {
            "name": "Knee_R",
            "time": [0.0, 2.0],
            "transform": [
                [1.0, 0.0, -0.0, 0.0, -0.0, 0.00567, -0.999984, 0.383138, -0.0, 0.999984, 0.00567, -4.8e-05, 0.0, 0.0, 0.0, 1.0],
                [1.0, 0.0, -0.0, 0.0, -0.0, 0.00567, -0.999984, 0.383138, -0.0, 0.999984, 0.00567, -4.8e-05, 0.0, 0.0, 0.0, 1.0]
            ]
        },
        {
            "name": "Thigh_L",
            "time": [0.0, 2.0, 1.0],
            "transform": [
                [1.0, -4e-06, 0.0, -0.125006, -4e-06, -0.932244, 0.361831, -0.00791, -1e-06, -0.361831, -0.932244, -0.126997, 0.0, 0.0, 0.0, 1.0],
                [1.0, -9e-06, 1e-06, -0.125006, -8e-06, -0.821734, 0.569871, -0.00791, -4e-06, -0.569872, -0.821734, -0.126997, 0.0, 0.0, 0.0, 1.0],
                [1.0, -4e-06, 0.0, -0.125006, -4e-06, -0.932244, 0.361831, -0.00791, -1e-06, -0.361831, -0.932244, -0.126997, 0.0, 0.0, 0.0, 1.0]
            ]
        },
        {
            "name": "Leg_L",
            "time": [0.0, 1.0, 2.0],
            "transform": [
                [1.0, 8e-06, 2e-06, -0.0, -8e-06, 0.93374, 0.357952, 0.374726, 1e-06, -0.357952, 0.93374, -0.0, 0.0, 0.0, 0.0, 1.0],
                [1.0, 1.5e-05, 7e-06, -0.0, -1.6e-05, 0.688402, 0.725329, 0.374726, 6e-06, -0.725329, 0.688402, 0.0, 0.0, 0.0, 0.0, 1.0],
                [1.0, 8e-06, 2e-06, -0.0, -8e-06, 0.93374, 0.357952, 0.374726, 1e-06, -0.357952, 0.93374, -0.0, 0.0, 0.0, 0.0, 1.0]
            ]
        },
        {
            "name": "Knee_L",
            "time": [0.0, 2.0],
            "transform": [
                [1.0, 0.0, -0.0, -0.0, -0.0, 0.00567, -0.999984, 0.374726, -0.0, 0.999984, 0.00567, -0.0, 0.0, 0.0, 0.0, 1.0],
                [1.0, 0.0, -0.0, -0.0, -0.0, 0.00567, -0.999984, 0.374726, -0.0, 0.999984, 0.00567, -0.0, 0.0, 0.0, 0.0, 1.0]
            ]
        },
        {
            "name": "Torso",
            "time": [0.0, 1.0, 2.0],
            "transform": [
                [0.726175, 0.0, -0.687509, 0.0, 0.033345, 0.998823, 0.03522, 0.05, 0.6867, -0.048501, 0.725321, 0.0, 0.0, 0.0, 0.0, 1.0],
                [0.726175, -0.0, -0.687509, 0.0, 0.036448, 0.998594, 0.038498, 0.05, 0.686543, -0.053014, 0.725154, 0.0, 0.0, 0.0, 0.0, 1.0],
                [0.726175, 0.0, -0.687509, 0.0, 0.033345, 0.998823, 0.03522, 0.05, 0.6867, -0.048501, 0.725321, 0.0, 0.0, 0.0, 0.0, 1.0]
            ]
        },
        {
            "name": "Chest",
            "time": [0.0, 1.0, 2.0],
            "transform": [
                [0.992911, 0.0, -0.118863, 0.0, -0.0, 1.0, 0.0, 0.3, 0.118863, -0.0, 0.992911, 0.0, 0.0, 0.0, 0.0, 1.0],
                [0.992207, -0.03547, -0.119449, 0.0, 0.039671, 0.998668, 0.032983, 0.3, 0.11812, -0.037465, 0.992292, 0.0, 0.0, 0.0, 0.0, 1.0],
                [0.992911, 0.0, -0.118863, 0.0, -0.0, 1.0, 0.0, 0.3, 0.118863, -0.0, 0.992911, 0.0, 0.0, 0.0, 0.0, 1.0]
            ]
        },
        {
            "name": "Head",
            "time": [0.0, 1.0, 2.0],
            "transform": [
                [0.667049, -0.010693, 0.744937, 0.0, 0.035534, 0.999216, -0.017475, 0.4, -0.744166, 0.038127, 0.666905, 0.0, 0.0, 0.0, 0.0, 1.0],
                [0.668277, 0.024695, 0.743502, -0.0, 0.033783, 0.99741, -0.063493, 0.4, -0.743145, 0.067549, 0.665712, 0.0, 0.0, 0.0, 0.0, 1.0],
                [0.667049, -0.010693, 0.744937, 0.0, 0.035534, 0.999216, -0.017475, 0.4, -0.744166, 0.038127, 0.666905, 0.0, 0.0, 0.0, 0.0, 1.0]
            ]
        },
        {
            "name": "Shoulder_R",
            "time": [0.0, 1.0, 2.0],
            "transform": [
                [0.0, 0.952114, 0.305743, 0.0, 0.0, -0.305743, 0.952114, 0.4, 1.0, 0.0, -0.0, 0.0, 0.0, 0.0, 0.0, 1.0],
                [0.0, 0.952114, 0.305743, -0.0, 0.0, -0.305743, 0.952114, 0.4, 1.0, -0.0, -0.0, 0.0, 0.0, 0.0, 0.0, 1.0],
                [0.0, 0.952114, 0.305743, 0.0, 0.0, -0.305743, 0.952114, 0.4, 1.0, 0.0, -0.0, 0.0, 0.0, 0.0, 0.0, 1.0]
            ]
        },
        {
            "name": "Arm_R",
            "time": [0.0, 2.0, 1.0],
            "transform": [
                [-0.069546, -0.300459, -0.951256, 0.0, 0.997536, -0.029768, -0.063526, 0.393861, -0.00923, -0.95333, 0.301789, -0.0, 0.0, 0.0, 0.0, 1.0],
                [-0.056481, -0.304365, -0.95088, 0.0, 0.998193, 0.002355, -0.060045, 0.393861, 0.020515, -0.952553, 0.303682, -0.0, 0.0, 0.0, 0.0, 1.0],
                [-0.069546, -0.300459, -0.951256, 0.0, 0.997536, -0.029768, -0.063526, 0.393861, -0.00923, -0.95333, 0.301789, -0.0, 0.0, 0.0, 0.0, 1.0]
            ]
        },
        {
            "name": "Hand_R",
            "time": [0.0, 1.0, 2.0],
            "transform": [
                [1.0, -0.0, 0.0, 0.0, 0.0, 0.87424, -0.485493, 0.300003, -0.0, 0.485493, 0.87424, 0.0, 0.0, 0.0, 0.0, 1.0],
                [1.0, 0.0, 0.0, 0.0, 0.0, 0.873835, -0.486222, 0.300003, -0.0, 0.486222, 0.873835, 0.0, 0.0, 0.0, 0.0, 1.0],
                [1.0, -0.0, 0.0, 0.0, 0.0, 0.87424, -0.485493, 0.300003, -0.0, 0.485493, 0.87424, 0.0, 0.0, 0.0, 0.0, 1.0]
            ]
        },
        {
            "name": "Tool_R",
            "time": [0.0, 2.0, 1.0],
            "transform": [
                [0.058223, 0.186253, -0.980775, -0.0, 0.165103, -0.97071, -0.17454, 0.271711, -0.984557, -0.151767, -0.087269, -0.028915, 0.0, 0.0, 0.0, 1.0],
                [0.058223, 0.186253, -0.980776, 0.0, 0.165103, -0.97071, -0.17454, 0.271711, -0.984557, -0.151767, -0.087269, -0.028915, 0.0, 0.0, 0.0, 1.0],
                [0.058223, 0.186253, -0.980775, -0.0, 0.165103, -0.97071, -0.17454, 0.271711, -0.984557, -0.151767, -0.087269, -0.028915, 0.0, 0.0, 0.0, 1.0]
            ]
        },
        {
            "name": "Elbow_R",
            "time": [0.0, 2.0],
            "transform": [
                [-1.0, 0.0, -0.0, 0.0, 0.0, 0.003946, -0.999992, 0.346703, -0.0, -0.999992, -0.003946, -0.001068, 0.0, 0.0, 0.0, 1.0],
                [-1.0, 0.0, -0.0, 0.0, 0.0, 0.003946, -0.999992, 0.346703, -0.0, -0.999992, -0.003946, -0.001068, 0.0, 0.0, 0.0, 1.0]
            ]
        },
        {
            "name": "Shoulder_L",
            "time": [0.0, 1.0, 2.0],
            "transform": [
                [-0.0, -0.952114, -0.305743, 0.0, 0.0, -0.305743, 0.952114, 0.4, -1.0, 0.0, 0.0, 0.0, 0.0, 0.0, 0.0, 1.0],
                [-0.0, -0.952114, -0.305743, -0.0, 0.0, -0.305743, 0.952114, 0.4, -1.0, -0.0, 0.0, 0.0, 0.0, 0.0, 0.0, 1.0],
                [-0.0, -0.952114, -0.305743, 0.0, 0.0, -0.305743, 0.952114, 0.4, -1.0, 0.0, 0.0, 0.0, 0.0, 0.0, 0.0, 1.0]
            ]
        },
        {
            "name": "Arm_L",
            "time": [0.0, 2.0, 1.0],
            "transform": [
                [-0.847095, 0.531259, -0.013902, -0.0, 0.166485, 0.240437, -0.956281, 0.39386, -0.50469, -0.812375, -0.29212, 0.0, 0.0, 0.0, 0.0, 1.0],
                [-0.847238, 0.530371, -0.029908, 0.0, 0.161774, 0.203979, -0.965516, 0.39386, -0.505981, -0.82286, -0.25862, 0.0, 0.0, 0.0, 0.0, 1.0],
                [-0.847095, 0.531259, -0.013902, -0.0, 0.166485, 0.240437, -0.956281, 0.39386, -0.50469, -0.812375, -0.29212, 0.0, 0.0, 0.0, 0.0, 1.0]
            ]
        },
        {
            "name": "Hand_L",
            "time": [0.0, 2.0, 1.0],
            "transform": [
                [1.0, 0.0, 0.0, 0.0, 0.0, 0.876942, -0.480597, 0.300002, 0.0, 0.480597, 0.876942, -0.0, 0.0, 0.0, 0.0, 1.0],
                [1.0, 0.0, -0.0, 0.0, -0.0, 0.895125, -0.445815, 0.300003, -0.0, 0.445815, 0.895126, -0.0, 0.0, 0.0, 0.0, 1.0],
                [1.0, 0.0, 0.0, 0.0, 0.0, 0.876942, -0.480597, 0.300002, 0.0, 0.480597, 0.876942, -0.0, 0.0, 0.0, 0.0, 1.0]
            ]
        },
        {
            "name": "Tool_L",
            "time": [0.0, 1.0, 2.0],
            "transform": [
                [1.0, 0.0, 0.0, 0.0, 0.0, -0.999559, -0.029689, 0.271711, 0.0, 0.029689, -0.99956, -0.028915, 0.0, 0.0, 0.0, 1.0],
                [1.0, 0.0, 0.0, -0.0, -0.0, -0.999559, -0.029689, 0.271711, 0.0, 0.029689, -0.99956, -0.028915, 0.0, 0.0, 0.0, 1.0],
                [1.0, 0.0, 0.0, 0.0, 0.0, -0.999559, -0.029689, 0.271711, 0.0, 0.029689, -0.99956, -0.028915, 0.0, 0.0, 0.0, 1.0]
            ]
        },
        {
            "name": "Elbow_L",
            "time": [0.0, 2.0],
            "transform": [
                [-1.0, 0.0, -0.0, 0.0, 0.0, 0.003946, -0.999992, 0.346178, -0.0, -0.999993, -0.003946, -0.00107, 0.0, 0.0, 0.0, 1.0],
                [-1.0, 0.0, -0.0, 0.0, 0.0, 0.003946, -0.999992, 0.346178, -0.0, -0.999993, -0.003946, -0.00107, 0.0, 0.0, 0.0, 1.0]
            ]
        },
        {
            "name": "IK-Thigh_R",
            "time": [0.0, 2.0, 1.0],
            "transform": [
                [0.484434, 0.315249, 0.816053, 0.08687, 0.244896, -0.944388, 0.219448, -0.036552, 0.839851, 0.09354, -0.534697, 0.074568, 0.0, 0.0, 0.0, 1.0],
                [0.472083, 0.452543, 0.756533, 0.08687, 0.26338, -0.891389, 0.36886, -0.036552, 0.84129, 0.025123, -0.540001, 0.074568, 0.0, 0.0, 0.0, 1.0],
                [0.484434, 0.315249, 0.816053, 0.08687, 0.244896, -0.944388, 0.219448, -0.036552, 0.839851, 0.09354, -0.534697, 0.074568, 0.0, 0.0, 0.0, 1.0]
            ]
        },
        {
            "name": "IK-Leg_R",
            "time": [0.0, 2.0],
            "transform": [
                [1.0, 1.2e-05, 5e-06, 0.0, -1.3e-05, 0.816762, 0.576974, 0.374726, 3e-06, -0.576975, 0.816762, 0.0, 0.0, 0.0, 0.0, 1.0],
                [1.0, 1.2e-05, 5e-06, 0.0, -1.3e-05, 0.816762, 0.576974, 0.374726, 3e-06, -0.576975, 0.816762, 0.0, 0.0, 0.0, 0.0, 1.0]
            ]
        },
        {
            "name": "IK-Thigh_L",
            "time": [0.0, 2.0, 1.0],
            "transform": [
                [1.0, -4e-06, 0.0, -0.125006, -4e-06, -0.932244, 0.361831, -0.00791, -1e-06, -0.361831, -0.932244, -0.126997, 0.0, 0.0, 0.0, 1.0],
                [1.0, -9e-06, 1e-06, -0.125006, -8e-06, -0.821734, 0.569871, -0.00791, -4e-06, -0.569872, -0.821734, -0.126997, 0.0, 0.0, 0.0, 1.0],
                [1.0, -4e-06, 0.0, -0.125006, -4e-06, -0.932244, 0.361831, -0.00791, -1e-06, -0.361831, -0.932244, -0.126997, 0.0, 0.0, 0.0, 1.0]
            ]
        }
    ]
}