{
    "animation": [
        {
            "name": "Root",
            "time": [0.1667, 0.3333, 0.0, 0.5, 0.5833],
            "transform": [
                [1.0, 0.0, 0.0, -5e-06, 0.0, 0.0, -1.0, -0.027773, 0.0, 1.0, 0.0, 0.763972, 0.0, 0.0, 0.0, 1.0],
                [1.0, 0.0, 0.0, -5e-06, 0.0, 0.0, -1.0, -0.104356, 0.0, 1.0, 0.0, 0.692174, 0.0, 0.0, 0.0, 1.0],
                [1.0, 0.0, 0.0, -5e-06, 0.0, 0.0, -1.0, -0.104356, 0.0, 1.0, 0.0, 0.692174, 0.0, 0.0, 0.0, 1.0],
                [1.0, 0.0, 0.0, -5e-06, 0.0, 0.0, -1.0, 0.145922, 0.0, 1.0, 0.0, 0.629605, 0.0, 0.0, 0.0, 1.0],
                [1.0, 0.0, 0.0, -5e-06, 0.0, 0.0, -1.0, 0.145922, 0.0, 1.0, 0.0, 0.629605, 0.0, 0.0, 0.0, 1.0]
            ]
        },
        {
            "name": "Thigh_R",
            "time": [0.0, 0.1667, 0.3333, 0.5, 0.5833],
            "transform": [
                [0.960229, 0.147359, 0.237162, 0.12514, 0.123492, -0.985936, 0.112609, -0.015969, 0.250421, -0.078843, -0.964922, 0.0372, 0.0, 0.0, 0.0, 1.0],
                [0.775954, 0.370792, 0.510303, 0.132714, 0.177053, -0.904496, 0.387995, -0.020213, 0.605432, -0.210715, -0.767497, 0.134702, 0.0, 0.0, 0.0, 1.0],
                [0.738272, 0.377992, 0.558639, 0.132714, 0.232413, -0.92006, 0.315394, -0.023114, 0.633198, -0.103012, -0.767105, 0.083985, 0.0, 0.0, 0.0, 1.0],
                [0.895891, 0.147636, 0.419025, 0.132714, 0.327555, -0.85669, -0.398485, -0.015969, 0.300144, 0.494254, -0.81586, -0.00842, 0.0, 0.0, 0.0, 1.0],
                [0.886052, 0.158094, 0.435797, 0.132714, 0.336079, -0.866563, -0.368945, 0.01374, 0.319317, 0.473367, -0.820951, -0.055106, 0.0, 0.0, 0.0, 1.0]
            ]
        },
        {
            "name": "Leg_R",
            "time": [0.0, 0.1667, 0.3333, 0.5, 0.5833],
            "transform": [
                [1.0, 1.2e-05, 5e-06, -0.0, -1.3e-05, 0.80938, 0.587285, 0.374726, 3e-06, -0.587285, 0.80938, 0.0, 0.0, 0.0, 0.0, 1.0],
                [1.0, 1.8e-05, 1.1e-05, 0.0, -1.9e-05, 0.489503, 0.872002, 0.374726, 1e-05, -0.872002, 0.489503, 0.0, 0.0, 0.0, 0.0, 1.0],
                [1.0, 1.8e-05, 1.1e-05, -0.0, -1.8e-05, 0.533726, 0.845658, 0.374726, 9e-06, -0.845658, 0.533726, 0.0, 0.0, 0.0, 0.0, 1.0],
                [1.0, 9e-06, 3e-06, 0.0, -9e-06, 0.908967, 0.416869, 0.374726, 1e-06, -0.416869, 0.908967, 0.0, 0.0, 0.0, 0.0, 1.0],
                [1.0, 9e-06, 3e-06, -0.0, -1e-05, 0.896898, 0.442238, 0.374726, 2e-06, -0.442238, 0.896898, 0.0, 0.0, 0.0, 0.0, 1.0]
            ]
        },
        {
            "name": "Knee_R",
            "time": [0.0, 0.5833],
            "transform": [
                [1.0, 0.0, -0.0, -0.0, -0.0, 0.00567, -0.999984, 0.38447, -0.0, 0.999984, 0.00567, -5.5e-05, 0.0, 0.0, 0.0, 1.0],
                [1.0, 0.0, -0.0, -0.0, -0.0, 0.00567, -0.999984, 0.374726, -0.0, 0.999984, 0.00567, 0.0, 0.0, 0.0, 0.0, 1.0]
            ]
        },
        {
            "name": "Thigh_L",
            "time": [0.0, 0.1667, 0.3333, 0.5, 0.5833],
            "transform": [
                [0.983465, -0.082441, -0.161247, -0.125006, -0.021048, -0.936378, 0.350363, -0.026763, -0.179872, -0.341176, -0.92263, -0.038304, 0.0, 0.0, 0.0, 1.0],
                [0.990052, -0.105472, -0.093132, -0.125006, -0.031981, -0.813253, 0.581032, -0.011413, -0.137022, -0.572273, -0.808535, -0.118495, 0.0, 0.0, 0.0, 1.0],
                [0.995753, -0.079244, -0.046876, -0.125006, -0.04877, -0.88581, 0.461479, 0.012708, -0.078093, -0.457233, -0.885912, -0.181455, 0.0, 0.0, 0.0, 1.0],
                [0.995132, -0.087085, -0.046139, -0.125006, -0.02583, -0.682269, 0.730645, 0.015759, -0.095108, -0.725897, -0.681197, -0.00924, 0.0, 0.0, 0.0, 1.0],
                [0.996354, -0.07655, -0.03767, -0.125006, -0.024132, -0.676359, 0.736177, 0.015759, -0.081833, -0.732584, -0.67574, 0.041691, 0.0, 0.0, 0.0, 1.0]
            ]
        },
        {
            "name": "Leg_L",
            "time": [0.0, 0.1667, 0.3333, 0.5, 0.5833],
            "transform": [
                [1.0, 7e-06, 2e-06, -0.0, -8e-06, 0.934694, 0.355455, 0.374726, 1e-06, -0.355455, 0.934693, 0.0, 0.0, 0.0, 0.0, 1.0],
                [1.0, 1.6e-05, 8e-06, 0.0, -1.7e-05, 0.644319, 0.764757, 0.374726, 7e-06, -0.764757, 0.644319, 0.0, 0.0, 0.0, 0.0, 1.0],
                [1.0, 1.5e-05, 7e-06, 0.0, -1.5e-05, 0.707537, 0.706676, 0.374726, 6e-06, -0.706676, 0.707537, 0.0, 0.0, 0.0, 0.0, 1.0],
                [1.0, 1.7e-05, 9e-06, 0.0, -1.7e-05, 0.598106, 0.801417, 0.374726, 8e-06, -0.801417, 0.598106, -0.0, 0.0, 0.0, 0.0, 1.0],
                [1.0, 1.5e-05, 7e-06, 0.0, -1.6e-05, 0.690724, 0.723119, 0.374726, 6e-06, -0.723119, 0.690724, 0.0, 0.0, 0.0, 0.0, 1.0]
            ]
        },
        {
            "name": "Knee_L",
            "time": [0.0, 0.5833],
            "transform": [
                [1.0, 0.0, -0.0, 0.0, -0.0, 0.00567, -0.999984, 0.374726, -0.0, 0.999984, 0.00567, 0.0, 0.0, 0.0, 0.0, 1.0],
                [1.0, 0.0, -0.0, -0.0, -0.0, 0.00567, -0.999984, 0.403441, -0.0, 0.999984, 0.00567, -0.000163, 0.0, 0.0, 0.0, 1.0]
            ]
        },
        {
            "name": "Torso",
            "time": [0.0, 0.1667, 0.3333, 0.5, 0.5833],
            "transform": [
                [0.993169, 0.0, -0.116685, 0.0, 0.0, 1.0, 0.0, 0.05, 0.116685, 0.0, 0.993169, 0.0, 0.0, 0.0, 0.0, 1.0],
                [0.904864, 0.0, -0.4257, 0.0, 0.0, 1.0, 0.0, 0.05, 0.4257, 0.0, 0.904864, 0.0, 0.0, 0.0, 0.0, 1.0],
                [0.797017, 0.0, -0.603957, 0.0, 0.0, 1.0, 0.0, 0.05, 0.603957, 0.0, 0.797017, 0.0, 0.0, 0.0, 0.0, 1.0],
                [0.990553, 0.0, 0.137134, 0.0, 0.0, 1.0, 0.0, 0.05, -0.137134, 0.0, 0.990553, 0.0, 0.0, 0.0, 0.0, 1.0],
                [0.985711, 0.0, 0.168447, 0.0, 0.0, 1.0, 0.0, 0.05, -0.168447, 0.0, 0.985711, 0.0, 0.0, 0.0, 0.0, 1.0]
            ]
        },
        {
            "name": "Chest",
            "time": [0.0, 0.1667, 0.3333, 0.5, 0.5833],
            "transform": [
                [0.999216, 0.0, -0.039588, 0.0, 0.0, 1.0, 0.0, 0.3, 0.039588, 0.0, 0.999216, 0.0, 0.0, 0.0, 0.0, 1.0],
                [0.89941, 0.018165, -0.43673, -0.0, 0.042811, 0.990671, 0.129372, 0.3, 0.435006, -0.135056, 0.890242, 0.0, 0.0, 0.0, 0.0, 1.0],
                [0.709806, 0.060969, -0.701754, 0.0, 0.042811, 0.990671, 0.129372, 0.3, 0.703095, -0.121872, 0.700575, 0.0, 0.0, 0.0, 0.0, 1.0],
                [0.950958, -0.080111, 0.298767, 0.0, 0.042811, 0.990671, 0.129372, 0.3, -0.306344, -0.110237, 0.945516, -0.0, 0.0, 0.0, 0.0, 1.0],
                [0.942579, -0.08298, 0.323511, 0.0, 0.042811, 0.990671, 0.129372, 0.3, -0.331228, -0.108094, 0.937339, -0.0, 0.0, 0.0, 0.0, 1.0]
            ]
        },
        {
            "name": "Head",
            "time": [0.0, 0.1667, 0.3333, 0.5, 0.5833],
            "transform": [
                [0.991546, 0.0, 0.129759, -0.0, 0.0, 1.0, 0.0, 0.4, -0.129759, 0.0, 0.991546, 0.0, 0.0, 0.0, 0.0, 1.0],
                [0.81647, 0.006588, 0.57735, -0.0, 0.052773, 0.994898, -0.085983, 0.4, -0.57497, 0.100671, 0.811957, 0.0, 0.0, 0.0, 0.0, 1.0],
                [0.689755, 0.001671, 0.724041, -0.0, 0.077178, 0.99413, -0.075818, 0.4, -0.719918, 0.108176, 0.685577, 0.0, 0.0, 0.0, 0.0, 1.0],
                [0.9784, 0.039329, -0.202946, -0.0, -0.055321, 0.995742, -0.073739, 0.4, 0.199182, 0.083373, 0.976409, 0.0, 0.0, 0.0, 0.0, 1.0],
                [0.9784, 0.039329, -0.202946, 0.0, -0.055321, 0.995742, -0.073739, 0.4, 0.199182, 0.083373, 0.976409, -0.0, 0.0, 0.0, 0.0, 1.0]
            ]
        },
        {
            "name": "Shoulder_R",
            "time": [0.0, 0.5833],
            "transform": [
                [0.0, 0.952114, 0.305743, -0.0, 0.0, -0.305743, 0.952114, 0.4, 1.0, 0.0, -0.0, 0.0, 0.0, 0.0, 0.0, 1.0],
                [0.0, 0.952114, 0.305743, 0.0, 0.0, -0.305743, 0.952114, 0.4, 1.0, 0.0, -0.0, -0.0, 0.0, 0.0, 0.0, 1.0]
            ]
        },
        {
            "name": "Arm_R",
            "time": [0.0, 0.1667, 0.3333, 0.5, 0.5833],
            "transform": [
                [0.202349, 0.205843, -0.957436, 0.0, 0.890358, 0.368463, 0.26739, 0.393861, 0.40782, -0.906567, -0.108716, 0.0, 0.0, 0.0, 0.0, 1.0],
                [0.172133, 0.011269, -0.985009, -0.0, 0.511435, 0.853584, 0.09914, 0.39386, 0.841905, -0.520833, 0.141167, -0.0, 0.0, 0.0, 0.0, 1.0],
                [0.172133, 0.011269, -0.985009, -0.0, 0.511435, 0.853584, 0.09914, 0.393861, 0.841906, -0.520833, 0.141167, 0.0, 0.0, 0.0, 0.0, 1.0],
                [0.435952, -0.553888, -0.709333, 0.0, 0.777081, 0.62925, -0.013765, 0.39386, 0.453972, -0.545208, 0.704739, 0.0, 0.0, 0.0, 0.0, 1.0],
                [0.461615, -0.53993, -0.703838, -0.0, 0.765962, 0.642819, 0.009238, 0.39386, 0.447453, -0.543377, 0.710301, 0.0, 0.0, 0.0, 0.0, 1.0]
            ]
        },
        {
            "name": "Hand_R",
            "time": [0.0, 0.1667, 0.3333, 0.5, 0.5833],
            "transform": [
                [1.0, 0.0, 0.0, -0.0, 0.0, 0.898915, -0.438123, 0.300003, -0.0, 0.438123, 0.898915, 0.0, 0.0, 0.0, 0.0, 1.0],
                [1.0, 0.0, 0.0, 0.0, 0.0, 0.330272, -0.943886, 0.300003, -0.0, 0.943886, 0.330272, -0.0, 0.0, 0.0, 0.0, 1.0],
                [1.0, 0.0, 0.0, 0.0, -0.0, 0.330272, -0.943886, 0.300002, -0.0, 0.943886, 0.330272, -0.0, 0.0, 0.0, 0.0, 1.0],
                [1.0, 0.0, 0.0, 0.0, 0.0, 0.754536, -0.656259, 0.300003, -0.0, 0.656259, 0.754536, 0.0, 0.0, 0.0, 0.0, 1.0],
                [1.0, 0.0, 0.0, 0.0, 0.0, 0.754536, -0.656259, 0.300003, -0.0, 0.656259, 0.754536, -0.0, 0.0, 0.0, 0.0, 1.0]
            ]
        },
        {
            "name": "Tool_R",
            "time": [0.0, 0.1667, 0.3333, 0.5, 0.5833],
            "transform": [
                [1.0, -0.0, -0.0, -0.03943, -0.0, -0.951639, -0.307217, 0.310534, -0.0, 0.307217, -0.95164, 0.117398, 0.0, 0.0, 0.0, 1.0],
                [0.790972, -0.022946, 0.611423, -0.159369, 0.320866, -0.835307, -0.446439, 0.355401, 0.52097, 0.549305, -0.653342, 0.172296, 0.0, 0.0, 0.0, 1.0],
                [0.702027, 0.088816, 0.70659, -0.17434, 0.346473, -0.909447, -0.229921, 0.312772, 0.622186, 0.406225, -0.669229, 0.171549, 0.0, 0.0, 0.0, 1.0],
                [0.981331, -0.190114, 0.029108, 0.039723, -0.005309, -0.178065, -0.984005, 0.46595, 0.192256, 0.96548, -0.17575, 0.104711, 0.0, 0.0, 0.0, 1.0],
                [0.981331, -0.190114, 0.029108, 0.039723, -0.005309, -0.178065, -0.984005, 0.46595, 0.192256, 0.96548, -0.17575, 0.104711, 0.0, 0.0, 0.0, 1.0]
            ]
        },
        {
            "name": "Elbow_R",
            "time": [0.0, 0.5833],
            "transform": [
                [-1.0, 0.0, -0.0, 0.0, 0.0, 0.003946, -0.999992, 0.341697, -0.0, -0.999992, -0.003946, -0.001088, 0.0, 0.0, 0.0, 1.0],
                [-1.0, 0.0, -0.0, 0.0, 0.0, 0.003946, -0.999992, 0.36628, -0.0, -0.999992, -0.003946, -0.000991, 0.0, 0.0, 0.0, 1.0]
            ]
        },
        {
            "name": "Shoulder_L",
            "time": [0.0, 0.5833],
            "transform": [
                [-0.0, -0.952114, -0.305743, -0.0, 0.0, -0.305743, 0.952114, 0.4, -1.0, 0.0, 0.0, 0.0, 0.0, 0.0, 0.0, 1.0],
                [-0.0, -0.952114, -0.305743, 0.0, 0.0, -0.305743, 0.952114, 0.4, -1.0, 0.0, 0.0, -0.0, 0.0, 0.0, 0.0, 1.0]
            ]
        },
        {
            "name": "Arm_L",
            "time": [0.0, 0.1667, 0.3333, 0.5, 0.5833],
            "transform": [
                [-0.40398, 0.751933, 0.520958, 0.0, -0.395678, 0.369831, -0.840633, 0.39386, -0.824766, -0.54573, 0.148119, 0.0, 0.0, 0.0, 0.0, 1.0],
                [-0.428241, 0.757373, 0.492947, 0.0, -0.377034, 0.346, -0.859145, 0.39386, -0.821252, -0.553778, 0.137383, 0.0, 0.0, 0.0, 0.0, 1.0],
                [-0.392018, 0.74897, 0.534196, -0.0, -0.404379, 0.38128, -0.831326, 0.39386, -0.826317, -0.541912, 0.153398, 0.0, 0.0, 0.0, 0.0, 1.0],
                [-0.469294, 0.821815, 0.323085, 0.0, -0.295305, 0.198753, -0.934501, 0.39386, -0.832201, -0.533964, 0.149412, 0.0, 0.0, 0.0, 0.0, 1.0],
                [-0.469294, 0.821815, 0.323085, -0.0, -0.295305, 0.198753, -0.934501, 0.39386, -0.832201, -0.533964, 0.149412, 0.0, 0.0, 0.0, 0.0, 1.0]
            ]
        },
        {
            "name": "Hand_L",
            "time": [0.0, 0.1667, 0.3333, 0.5833, 0.5],
            "transform": [
                [1.0, 0.0, -0.0, -0.0, -0.0, 0.612591, -0.7904, 0.300002, 0.0, 0.7904, 0.612591, 0.0, 0.0, 0.0, 0.0, 1.0],
                [1.0, 0.0, 0.0, 0.0, -0.0, 0.615992, -0.787753, 0.300003, -0.0, 0.787753, 0.615992, 0.0, 0.0, 0.0, 0.0, 1.0],
                [1.0, -0.0, 0.0, -0.0, -0.0, 0.615992, -0.787753, 0.300003, -0.0, 0.787753, 0.615991, -0.0, 0.0, 0.0, 0.0, 1.0],
                [1.0, -0.0, 0.0, 0.0, 0.0, 0.504536, -0.86339, 0.300003, -0.0, 0.863391, 0.504536, -0.0, 0.0, 0.0, 0.0, 1.0],
                [1.0, -0.0, 0.0, 0.0, -0.0, 0.504536, -0.86339, 0.300003, -0.0, 0.863391, 0.504536, 0.0, 0.0, 0.0, 0.0, 1.0]
            ]
        },
        {
            "name": "Tool_L",
            "time": [0.0, 0.1667, 0.3333, 0.5, 0.5833],
            "transform": [
                [0.789176, -0.293745, 0.539366, -0.023386, -0.378866, -0.92404, 0.051097, 0.281609, 0.483386, -0.244672, -0.84052, -0.01952, 0.0, 0.0, 0.0, 1.0],
                [0.789176, -0.293745, 0.539366, -0.023386, -0.378866, -0.92404, 0.051097, 0.281609, 0.483386, -0.244672, -0.84052, -0.01952, 0.0, 0.0, 0.0, 1.0],
                [0.789176, -0.293745, 0.539366, -0.023386, -0.378866, -0.92404, 0.051097, 0.281609, 0.483386, -0.244672, -0.84052, -0.01952, 0.0, 0.0, 0.0, 1.0],
                [0.789176, -0.293745, 0.539366, -0.023386, -0.378866, -0.92404, 0.051097, 0.281609, 0.483386, -0.244672, -0.84052, -0.01952, 0.0, 0.0, 0.0, 1.0],
                [0.789176, -0.293745, 0.539366, -0.023386, -0.378866, -0.92404, 0.051097, 0.281609, 0.483386, -0.244672, -0.84052, -0.01952, 0.0, 0.0, 0.0, 1.0]
            ]
        },
        {
            "name": "Elbow_L",
            "time": [0.0, 0.5833],
            "transform": [
                [-1.0, 0.0, -0.0, -0.0, 0.0, 0.003946, -0.999992, 0.384611, -0.0, -0.999992, -0.003946, -0.000918, 0.0, 0.0, 0.0, 1.0],
                [-1.0, 0.0, -0.0, 0.0, 0.0, 0.003946, -0.999992, 0.39684, -0.0, -0.999993, -0.003946, -0.00087, 0.0, 0.0, 0.0, 1.0]
            ]
        },
        {
            "name": "IK-Thigh_R",
            "time": [0.0, 0.1667, 0.3333, 0.5, 0.5833],
            "transform": [
                [0.960229, 0.147359, 0.237162, 0.12514, 0.123492, -0.985936, 0.112609, -0.015969, 0.250421, -0.078843, -0.964922, 0.0372, 0.0, 0.0, 0.0, 1.0],
                [0.775954, 0.370792, 0.510303, 0.132714, 0.177053, -0.904496, 0.387995, -0.020213, 0.605432, -0.210715, -0.767497, 0.134702, 0.0, 0.0, 0.0, 1.0],
                [0.738272, 0.377992, 0.558639, 0.132714, 0.232413, -0.92006, 0.315394, -0.023114, 0.633198, -0.103012, -0.767105, 0.083985, 0.0, 0.0, 0.0, 1.0],
                [0.895891, 0.147636, 0.419025, 0.132714, 0.327555, -0.85669, -0.398485, -0.015969, 0.300144, 0.494254, -0.81586, -0.00842, 0.0, 0.0, 0.0, 1.0],
                [0.886052, 0.158094, 0.435797, 0.132714, 0.336079, -0.866563, -0.368945, 0.01374, 0.319317, 0.473367, -0.820951, -0.055106, 0.0, 0.0, 0.0, 1.0]
            ]
        },
        {
            "name": "IK-Leg_R",
            "time": [0.0, 0.5833],
            "transform": [
                [1.0, 1.2e-05, 5e-06, -0.0, -1.3e-05, 0.80938, 0.587285, 0.374726, 3e-06, -0.587285, 0.80938, -0.0, 0.0, 0.0, 0.0, 1.0],
                [1.0, 9e-06, 3e-06, -0.0, -1e-05, 0.896898, 0.442238, 0.374726, 2e-06, -0.442238, 0.896898, -0.0, 0.0, 0.0, 0.0, 1.0]
            ]
        },
        {
            "name": "IK-Thigh_L",
            "time": [0.0, 0.1667, 0.3333, 0.5, 0.5833],
            "transform": [
                [0.983465, -0.082441, -0.161247, -0.125006, -0.021048, -0.936378, 0.350363, -0.026763, -0.179872, -0.341176, -0.92263, -0.038304, 0.0, 0.0, 0.0, 1.0],
                [0.990052, -0.105472, -0.093132, -0.125006, -0.031981, -0.813253, 0.581032, -0.011413, -0.137022, -0.572273, -0.808535, -0.118495, 0.0, 0.0, 0.0, 1.0],
                [0.995753, -0.079244, -0.046876, -0.125006, -0.04877, -0.88581, 0.461479, 0.012708, -0.078093, -0.457233, -0.885912, -0.181455, 0.0, 0.0, 0.0, 1.0],
                [0.995132, -0.087085, -0.046139, -0.125006, -0.02583, -0.682269, 0.730645, 0.015759, -0.095108, -0.725897, -0.681197, -0.00924, 0.0, 0.0, 0.0, 1.0],
                [0.996354, -0.07655, -0.03767, -0.125006, -0.024132, -0.676359, 0.736177, 0.015759, -0.081833, -0.732584, -0.67574, 0.041691, 0.0, 0.0, 0.0, 1.0]
            ]
        }
    ]
}