{
    "animation": [
        {
            "name": "Root",
            "time": [0.0, 0.0833, 0.25, 0.3333],
            "transform": [
                [1.0, 0.0, 0.0, -5e-06, 0.0, 0.0, -1.0, 0.329118, 0.0, 1.0, 0.0, 0.70621, 0.0, 0.0, 0.0, 1.0],
                [1.0, 0.0, 0.0, -5e-06, 0.0, 0.0, -1.0, 0.464697, 0.0, 1.0, 0.0, 0.720178, 0.0, 0.0, 0.0, 1.0],
                [1.0, 0.0, 0.0, -5e-06, 0.0, 0.0, -1.0, 0.917934, 0.0, 1.0, 0.0, 0.68778, 0.0, 0.0, 0.0, 1.0],
                [1.0, 0.0, 0.0, -5e-06, 0.0, 0.0, -1.0, 0.946043, 0.0, 1.0, 0.0, 0.691653, 0.0, 0.0, 0.0, 1.0]
            ]
        },
        {
            "name": "Thigh_R",
            "time": [0.0, 0.0833, 0.25, 0.3333],
            "transform": [
                [0.999516, 0.000883, -0.031081, 0.120654, -0.011533, -0.917774, -0.396936, -0.003728, -0.028876, 0.397103, -0.91732, 0.09059, 0.0, 0.0, 0.0, 1.0],
                [0.999578, -0.013225, -0.025854, 0.120654, -0.004203, -0.946797, 0.321806, -0.00302, -0.028734, -0.321561, -0.946453, 0.046929, 0.0, 0.0, 0.0, 1.0],
                [0.99917, -0.007892, -0.039966, 0.120654, 0.019085, -0.77605, 0.630383, -0.00557, -0.035991, -0.630622, -0.775255, -0.077192, 0.0, 0.0, 0.0, 1.0],
                [0.999996, 0.002587, 0.000768, 0.123434, 0.001648, -0.810558, 0.585656, 0.003286, 0.002137, -0.585653, -0.81056, -0.084139, 0.0, 0.0, 0.0, 1.0]
            ]
        },
        {
            "name": "Leg_R",
            "time": [0.0, 0.0833, 0.25, 0.3333],
            "transform": [
                [1.0, 7e-06, 2e-06, -0.0, -7e-06, 0.948482, 0.316831, 0.374726, 0.0, -0.316831, 0.948482, 0.0, 0.0, 0.0, 0.0, 1.0],
                [1.0, 2.1e-05, 2e-05, 0.0, -2.2e-05, 0.076248, 0.997089, 0.374726, 1.9e-05, -0.997089, 0.076248, 0.0, 0.0, 0.0, 0.0, 1.0],
                [1.0, 1.3e-05, 6e-06, -0.0, -1.4e-05, 0.769587, 0.638542, 0.374726, 4e-06, -0.638542, 0.769587, -0.0, 0.0, 0.0, 0.0, 1.0],
                [1.0, 1.3e-05, 5e-06, 0.0, -1.3e-05, 0.786734, 0.617293, 0.374726, 4e-06, -0.617293, 0.786734, 0.0, 0.0, 0.0, 0.0, 1.0]
            ]
        },
        {
            "name": "Knee_R",
            "time": [0.0, 0.3333],
            "transform": [
                [1.0, 0.0, -0.0, 0.0, -0.0, 0.00567, -0.999984, 0.374726, -0.0, 0.999984, 0.00567, 0.0, 0.0, 0.0, 0.0, 1.0],
                [1.0, 0.0, -0.0, 0.0, -0.0, 0.00567, -0.999984, 0.38842, -0.0, 0.999984, 0.00567, -7.8e-05, 0.0, 0.0, 0.0, 1.0]
            ]
        },
        {
            "name": "Thigh_L",
            "time": [0.0, 0.0833, 0.25, 0.3333],
            "transform": [
                [0.843685, -0.203944, -0.496591, -0.096788, -0.020051, -0.936355, 0.350484, 0.020576, -0.536465, -0.28574, -0.794077, -0.128079, 0.0, 0.0, 0.0, 1.0],
                [0.822934, -0.180577, -0.538676, -0.096788, -0.072727, -0.973826, 0.215345, 0.018457, -0.563463, -0.138038, -0.814528, -0.059481, 0.0, 0.0, 0.0, 1.0],
                [0.686509, -0.23392, -0.688467, -0.096788, -0.398149, -0.913211, -0.086736, 0.012472, -0.608427, 0.333657, -0.720063, 0.059355, 0.0, 0.0, 0.0, 1.0],
                [0.331165, -0.185408, -0.925178, -0.096788, -0.50769, -0.861492, -0.009081, 0.019845, -0.79535, 0.472711, -0.379425, 0.063119, 0.0, 0.0, 0.0, 1.0]
            ]
        },
        {
            "name": "Leg_L",
            "time": [0.0, 0.0833, 0.25, 0.3333],
            "transform": [
                [1.0, 1.2e-05, 5e-06, 0.0, -1.3e-05, 0.807163, 0.590328, 0.374726, 3e-06, -0.590329, 0.807163, 0.0, 0.0, 0.0, 0.0, 1.0],
                [1.0, 1e-05, 3e-06, 0.0, -1.1e-05, 0.872905, 0.487891, 0.374726, 2e-06, -0.487891, 0.872905, 0.0, 0.0, 0.0, 0.0, 1.0],
                [1.0, 1.1e-05, 4e-06, -0.0, -1.1e-05, 0.85395, 0.520355, 0.374726, 2e-06, -0.520355, 0.85395, 0.0, 0.0, 0.0, 0.0, 1.0],
                [1.0, 6e-06, 2e-06, -0.0, -7e-06, 0.950905, 0.309482, 0.374726, 0.0, -0.309482, 0.950905, -0.0, 0.0, 0.0, 0.0, 1.0]
            ]
        },
        {
            "name": "Knee_L",
            "time": [0.0, 0.3333],
            "transform": [
                [1.0, 0.0, -0.0, 0.0, -0.0, 0.00567, -0.999984, 0.384866, -0.0, 0.999984, 0.00567, -5.8e-05, 0.0, 0.0, 0.0, 1.0],
                [1.0, 0.0, -0.0, -0.0, -0.0, 0.00567, -0.999984, 0.374726, -0.0, 0.999984, 0.00567, -0.0, 0.0, 0.0, 0.0, 1.0]
            ]
        },
        {
            "name": "Torso",
            "time": [0.0, 0.0833, 0.25, 0.3333],
            "transform": [
                [0.856001, -0.010351, -0.51687, 0.0, 0.033345, 0.998823, 0.03522, 0.05, 0.515898, -0.047383, 0.855339, 0.0, 0.0, 0.0, 0.0, 1.0],
                [0.926875, -0.017721, -0.374952, 0.0, 0.033345, 0.998823, 0.03522, 0.05, 0.373887, -0.045147, 0.926375, 0.0, 0.0, 0.0, 0.0, 1.0],
                [0.943562, -0.043079, 0.328383, 0.0, 0.033345, 0.998823, 0.03522, 0.05, -0.329514, -0.022283, 0.943888, 0.0, 0.0, 0.0, 0.0, 1.0],
                [0.906825, -0.045052, 0.419093, 0.0, 0.033345, 0.998823, 0.03522, 0.05, -0.420187, -0.017964, 0.90726, 0.0, 0.0, 0.0, 0.0, 1.0]
            ]
        },
        {
            "name": "Chest",
            "time": [0.0, 0.0833, 0.25, 0.3333],
            "transform": [
                [0.641703, 0.07932, -0.76284, -0.0, -0.051799, 0.996849, 0.060078, 0.3, 0.765202, 0.000962, 0.64379, -0.0, 0.0, 0.0, 0.0, 1.0],
                [0.858434, 0.046966, -0.510769, -0.0, -0.010495, 0.997199, 0.074055, 0.3, 0.512817, -0.058211, 0.856522, -0.0, 0.0, 0.0, 0.0, 1.0],
                [0.789551, -0.038371, 0.612485, 0.0, 0.09135, 0.994273, -0.05547, 0.3, -0.606848, 0.099747, 0.788534, 0.0, 0.0, 0.0, 0.0, 1.0],
                [0.634377, -0.022213, 0.772704, 0.0, 0.102151, 0.99323, -0.055311, 0.3, -0.766245, 0.114021, 0.632352, -0.0, 0.0, 0.0, 0.0, 1.0]
            ]
        },
        {
            "name": "Head",
            "time": [0.0, 0.25, 0.3333, 0.0833],
            "transform": [
                [0.908766, -0.035088, 0.415829, 0.0, 0.053826, 0.997991, -0.033423, 0.4, -0.413821, 0.052756, 0.908829, -0.0, 0.0, 0.0, 0.0, 1.0],
                [0.920216, -0.045165, 0.388796, -0.0, 0.055562, 0.998334, -0.015534, 0.4, -0.387447, 0.035897, 0.921193, 0.0, 0.0, 0.0, 0.0, 1.0],
                [0.947606, 0.126994, 0.293113, -0.0, -0.051155, 0.966067, -0.253176, 0.4, -0.315319, 0.224917, 0.921947, -0.0, 0.0, 0.0, 0.0, 1.0],
                [0.947606, 0.126994, 0.293113, -0.0, -0.051155, 0.966067, -0.253176, 0.4, -0.315319, 0.224917, 0.921947, 0.0, 0.0, 0.0, 0.0, 1.0]
            ]
        },
        {
            "name": "Shoulder_R",
            "time": [0.0, 0.0833, 0.25, 0.3333],
            "transform": [
                [0.0, 0.952114, 0.305743, 0.0, 0.0, -0.305743, 0.952114, 0.4, 1.0, -0.0, -0.0, -0.0, 0.0, 0.0, 0.0, 1.0],
                [0.0, 0.952114, 0.305743, -0.0, 0.0, -0.305743, 0.952114, 0.4, 1.0, 0.0, -0.0, 0.0, 0.0, 0.0, 0.0, 1.0],
                [0.0, 0.952114, 0.305743, -0.0, 0.0, -0.305743, 0.952114, 0.4, 1.0, -0.0, -0.0, -0.0, 0.0, 0.0, 0.0, 1.0],
                [0.0, 0.952114, 0.305743, -0.0, 0.0, -0.305743, 0.952114, 0.4, 1.0, -0.0, -0.0, 0.0, 0.0, 0.0, 0.0, 1.0]
            ]
        },
        {
            "name": "Arm_R",
            "time": [0.0, 0.0833, 0.25, 0.3333],
            "transform": [
                [0.272406, -0.925014, 0.264848, 0.0, -0.328195, -0.348076, -0.87814, 0.393861, 0.90448, 0.152288, -0.398403, 0.0, 0.0, 0.0, 0.0, 1.0],
                [0.071738, -0.821557, 0.565596, 0.0, -0.250047, -0.563762, -0.787178, 0.393861, 0.965573, -0.084955, -0.245871, 0.0, 0.0, 0.0, 0.0, 1.0],
                [-0.424696, -0.903346, 0.05999, 0.0, 0.884476, -0.428142, -0.185463, 0.39386, 0.193222, -0.025706, 0.980819, 0.0, 0.0, 0.0, 0.0, 1.0],
                [-0.44155, -0.895264, 0.059465, -0.0, 0.876588, -0.444577, -0.18424, 0.393861, 0.19138, -0.029224, 0.981081, 0.0, 0.0, 0.0, 0.0, 1.0]
            ]
        },
        {
            "name": "Hand_R",
            "time": [0.0, 0.0833, 0.25, 0.3333],
            "transform": [
                [1.0, -0.0, 0.0, -0.0, 0.0, 0.827915, -0.560854, 0.300003, -0.0, 0.560854, 0.827915, -0.0, 0.0, 0.0, 0.0, 1.0],
                [1.0, 0.0, 0.0, -0.0, 0.0, 0.827915, -0.560854, 0.300003, -0.0, 0.560854, 0.827915, 0.0, 0.0, 0.0, 0.0, 1.0],
                [1.0, -0.0, 0.0, 0.0, 0.0, 0.875117, -0.483911, 0.300003, -0.0, 0.483911, 0.875117, 0.0, 0.0, 0.0, 0.0, 1.0],
                [1.0, 0.0, 0.0, 0.0, 0.0, 0.875117, -0.483911, 0.300003, -0.0, 0.483911, 0.875117, 0.0, 0.0, 0.0, 0.0, 1.0]
            ]
        },
        {
            "name": "Tool_R",
            "time": [0.0, 0.0833, 0.25, 0.3333],
            "transform": [
                [0.951586, 0.183668, 0.246475, -0.004119, 0.305873, -0.48644, -0.818424, 0.271164, -0.030423, 0.854191, -0.519069, -0.028168, 0.0, 0.0, 0.0, 1.0],
                [0.058223, 0.186253, -0.980776, -0.00412, 0.165103, -0.97071, -0.17454, 0.271164, -0.984556, -0.151767, -0.087269, -0.028168, 0.0, 0.0, 0.0, 1.0],
                [0.041595, 0.245849, -0.968416, -0.004119, 0.189422, -0.953617, -0.233956, 0.271164, -0.981015, -0.173708, -0.086235, -0.028168, 0.0, 0.0, 0.0, 1.0],
                [0.015032, 0.235352, -0.971794, -0.004119, 0.19455, -0.954018, -0.228038, 0.271164, -0.980778, -0.185634, -0.060128, -0.028168, 0.0, 0.0, 0.0, 1.0]
            ]
        },
        {
            "name": "Elbow_R",
            "time": [0.0, 0.3333],
            "transform": [
                [-1.0, 0.0, -0.0, 0.0, 0.0, 0.003946, -0.999992, 0.354995, -0.0, -0.999992, -0.003946, -0.001035, 0.0, 0.0, 0.0, 1.0],
                [-1.0, 0.0, -0.0, 0.0, 0.0, 0.003946, -0.999992, 0.346533, -0.0, -0.999992, -0.003946, -0.001068, 0.0, 0.0, 0.0, 1.0]
            ]
        },
        {
            "name": "Shoulder_L",
            "time": [0.0, 0.0833, 0.25, 0.3333],
            "transform": [
                [-0.0, -0.952114, -0.305743, 0.0, 0.0, -0.305743, 0.952114, 0.4, -1.0, 0.0, 0.0, -0.0, 0.0, 0.0, 0.0, 1.0],
                [-0.0, -0.952114, -0.305743, -0.0, 0.0, -0.305743, 0.952114, 0.4, -1.0, -0.0, 0.0, 0.0, 0.0, 0.0, 0.0, 1.0],
                [-0.0, -0.952114, -0.305743, -0.0, 0.0, -0.305743, 0.952114, 0.4, -1.0, 0.0, 0.0, -0.0, 0.0, 0.0, 0.0, 1.0],
                [-0.0, -0.952114, -0.305743, -0.0, 0.0, -0.305743, 0.952114, 0.4, -1.0, 0.0, 0.0, 0.0, 0.0, 0.0, 0.0, 1.0]
            ]
        },
        {
            "name": "Arm_L",
            "time": [0.0, 0.0833, 0.25, 0.3333],
            "transform": [
                [-0.783361, 0.572059, 0.243092, 0.0, -0.60866, -0.626707, -0.486592, 0.39386, -0.126012, -0.529137, 0.839127, -0.0, 0.0, 0.0, 0.0, 1.0],
                [-0.651125, 0.443665, 0.61579, -0.0, -0.748956, -0.244235, -0.615966, 0.39386, -0.122886, -0.86227, 0.491313, -0.0, 0.0, 0.0, 0.0, 1.0],
                [0.589248, 0.651408, 0.477969, -0.0, 0.699748, -0.115715, -0.704956, 0.39386, -0.403906, 0.749852, -0.524006, 0.0, 0.0, 0.0, 0.0, 1.0],
                [0.534783, 0.627582, 0.565816, -0.0, 0.754868, -0.053922, -0.653657, 0.39386, -0.379713, 0.776681, -0.502578, 0.0, 0.0, 0.0, 0.0, 1.0]
            ]
        },
        {
            "name": "Hand_L",
            "time": [0.0, 0.25, 0.3333, 0.0833],
            "transform": [
                [1.0, 0.0, 0.0, 0.0, -0.0, 0.656872, -0.754002, 0.300003, -0.0, 0.754002, 0.656872, -0.0, 0.0, 0.0, 0.0, 1.0],
                [1.0, 0.0, 0.0, 0.0, 0.0, 0.636829, -0.771005, 0.300003, -0.0, 0.771005, 0.63683, 0.0, 0.0, 0.0, 0.0, 1.0],
                [1.0, -0.0, 0.0, -0.0, 0.0, 0.798363, -0.602176, 0.300003, -0.0, 0.602176, 0.798363, -0.0, 0.0, 0.0, 0.0, 1.0],
                [1.0, 0.0, 0.0, -0.0, -0.0, 0.656821, -0.754046, 0.300003, -0.0, 0.754046, 0.656821, 0.0, 0.0, 0.0, 0.0, 1.0]
            ]
        },
        {
            "name": "Tool_L",
            "time": [0.0, 0.0833, 0.25, 0.3333],
            "transform": [
                [1.0, -0.0, 0.0, 0.0, -0.0, -0.999559, -0.029689, 0.271711, 0.0, 0.029689, -0.99956, -0.028915, 0.0, 0.0, 0.0, 1.0],
                [1.0, -0.0, 0.0, 0.0, -0.0, -0.999559, -0.029689, 0.271711, 0.0, 0.029689, -0.99956, -0.028915, 0.0, 0.0, 0.0, 1.0],
                [1.0, -0.0, 0.0, 0.0, 0.0, -0.999559, -0.029689, 0.271711, 0.0, 0.029689, -0.99956, -0.028915, 0.0, 0.0, 0.0, 1.0],
                [1.0, 0.0, 0.0, -0.0, -0.0, -0.999559, -0.029689, 0.271711, 0.0, 0.029689, -0.99956, -0.028915, 0.0, 0.0, 0.0, 1.0]
            ]
        },
        {
            "name": "Elbow_L",
            "time": [0.0, 0.3333],
            "transform": [
                [-1.0, 0.0, -0.0, -0.0, 0.0, 0.003946, -0.999992, 0.379239, -0.0, -0.999992, -0.003946, -0.00094, 0.0, 0.0, 0.0, 1.0],
                [-1.0, 0.0, -0.0, -0.0, 0.0, 0.003946, -0.999992, 0.379245, -0.0, -0.999992, -0.003946, -0.00094, 0.0, 0.0, 0.0, 1.0]
            ]
        },
        {
            "name": "IK-Thigh_R",
            "time": [0.25, 0.3333, 0.0, 0.0833],
            "transform": [
                [0.999516, 0.000883, -0.031081, 0.120654, -0.011533, -0.917774, -0.396936, -0.003728, -0.028876, 0.397103, -0.91732, 0.09059, 0.0, 0.0, 0.0, 1.0],
                [0.999578, -0.013225, -0.025854, 0.120654, -0.004203, -0.946797, 0.321806, -0.00302, -0.028734, -0.321561, -0.946453, 0.046929, 0.0, 0.0, 0.0, 1.0],
                [0.99917, -0.007892, -0.039966, 0.120654, 0.019085, -0.77605, 0.630383, -0.00557, -0.035991, -0.630622, -0.775255, -0.077192, 0.0, 0.0, 0.0, 1.0],
                [0.999996, 0.002587, 0.000768, 0.123434, 0.001648, -0.810558, 0.585656, 0.003286, 0.002137, -0.585653, -0.81056, -0.084139, 0.0, 0.0, 0.0, 1.0]
            ]
        },
        {
            "name": "IK-Leg_R",
            "time": [0.0, 0.3333],
            "transform": [
                [1.0, 7e-06, 2e-06, 0.0, -7e-06, 0.948482, 0.316831, 0.374726, 0.0, -0.316831, 0.948482, 0.0, 0.0, 0.0, 0.0, 1.0],
                [1.0, 1.3e-05, 5e-06, 0.0, -1.3e-05, 0.786734, 0.617293, 0.374726, 4e-06, -0.617293, 0.786734, 0.0, 0.0, 0.0, 0.0, 1.0]
            ]
        },
        {
            "name": "IK-Thigh_L",
            "time": [0.3333, 0.0, 0.0833, 0.25],
            "transform": [
                [0.843685, -0.203944, -0.496591, -0.096788, -0.020051, -0.936355, 0.350484, 0.020576, -0.536465, -0.28574, -0.794077, -0.128079, 0.0, 0.0, 0.0, 1.0],
                [0.822934, -0.180577, -0.538676, -0.096788, -0.072727, -0.973826, 0.215345, 0.018457, -0.563463, -0.138038, -0.814528, -0.059481, 0.0, 0.0, 0.0, 1.0],
                [0.686509, -0.23392, -0.688467, -0.096788, -0.398149, -0.913211, -0.086736, 0.012472, -0.608427, 0.333657, -0.720063, 0.059355, 0.0, 0.0, 0.0, 1.0],
                [0.331165, -0.185408, -0.925178, -0.096788, -0.50769, -0.861492, -0.009081, 0.019845, -0.79535, 0.472711, -0.379425, 0.063119, 0.0, 0.0, 0.0, 1.0]
            ]
        }
    ]
}