{
    "animation": [
        {
            "name": "Root",
            "time": [0.25, 0.0833, 0.3333, 0.4167, 0.5833, 1.0833, 0.0],
            "transform": [
                [1.0, 0.0, 0.0, -5e-06, 0.0, 0.0, -1.0, 0.153112, 0.0, 1.0, 0.0, 0.671446, 0.0, 0.0, 0.0, 1.0],
                [1.0, 0.0, 0.0, -5e-06, 0.0, 0.0, -1.0, 0.070555, 0.0, 1.0, 0.0, 0.671446, 0.0, 0.0, 0.0, 1.0],
                [1.0, 0.0, 0.0, -5e-06, 0.0, 0.0, -1.0, -0.16532, 0.0, 1.0, 0.0, 0.742977, 0.0, 0.0, 0.0, 1.0],
                [1.0, 0.0, 0.0, -5e-06, 0.0, 0.0, -1.0, 0.254598, 0.0, 1.0, 0.0, 0.774035, 0.0, 0.0, 0.0, 1.0],
                [1.0, 0.0, 0.0, -5e-06, 0.0, 0.0, -1.0, 0.7229, 0.0, 1.0, 0.0, 0.659941, 0.0, 0.0, 0.0, 1.0],
                [1.0, 0.0, 0.0, -5e-06, 0.0, 0.0, -1.0, 0.787412, 0.0, 1.0, 0.0, 0.611557, 0.0, 0.0, 0.0, 1.0],
                [1.0, 0.0, 0.0, -5e-06, 0.0, 0.0, -1.0, 0.044804, 0.0, 1.0, 0.0, 0.763972, 0.0, 0.0, 0.0, 1.0]
            ]
        },
        {
            "name": "Thigh_R",
            "time": [0.5833, 0.0, 0.0833, 0.25, 0.3333, 0.4167, 1.0833],
            "transform": [
                [0.739626, 0.174843, 0.64991, 0.131185, 0.400534, -0.890389, -0.216287, -0.023814, 0.540856, 0.420283, -0.728586, 0.04121, 0.0, 0.0, 0.0, 1.0],
                [0.743519, 0.259713, 0.616221, 0.131581, 0.362158, -0.931051, -0.044571, -0.023306, 0.562157, 0.256309, -0.786311, 0.041059, 0.0, 0.0, 0.0, 1.0],
                [0.764195, 0.248084, 0.595366, 0.132714, 0.206139, -0.968598, 0.139013, -0.015969, 0.611157, 0.016495, -0.791337, 0.037085, 0.0, 0.0, 0.0, 1.0],
                [0.894509, 0.385111, 0.227031, 0.132502, 0.037615, -0.570879, 0.820172, -0.008272, 0.445464, -0.725112, -0.525142, 0.015227, 0.0, 0.0, 0.0, 1.0],
                [0.998926, 0.032332, 0.033176, 0.131926, -0.001091, -0.699546, 0.714587, -0.004006, 0.046313, -0.713857, -0.698759, -0.004566, 0.0, 0.0, 0.0, 1.0],
                [0.997552, 0.056945, 0.040591, 0.130048, -0.001182, -0.566638, 0.823966, -0.020134, 0.069921, -0.821997, -0.565184, -0.004566, 0.0, 0.0, 0.0, 1.0],
                [0.960229, 0.147359, 0.237162, 0.12514, 0.123492, -0.985936, 0.112609, -0.015969, 0.250421, -0.078843, -0.964922, 0.0372, 0.0, 0.0, 0.0, 1.0]
            ]
        },
        {
            "name": "Leg_R",
            "time": [0.0, 0.0833, 0.25, 0.3333, 0.4167, 0.5833, 1.0833],
            "transform": [
                [1.0, 1e-05, 3e-06, 0.0, -1e-05, 0.89026, 0.455453, 0.374726, 2e-06, -0.455453, 0.89026, -0.0, 0.0, 0.0, 0.0, 1.0],
                [1.0, 1.4e-05, 6e-06, 0.0, -1.5e-05, 0.73579, 0.67721, 0.374726, 5e-06, -0.67721, 0.73579, 0.0, 0.0, 0.0, 0.0, 1.0],
                [1.0, 1.4e-05, 6e-06, -0.0, -1.5e-05, 0.739167, 0.673522, 0.374726, 5e-06, -0.673522, 0.739167, -0.0, 0.0, 0.0, 0.0, 1.0],
                [1.0, 1.9e-05, 2.9e-05, 0.0, -2e-05, -0.372052, 0.928212, 0.374726, 2.9e-05, -0.928212, -0.372052, -0.0, 0.0, 0.0, 0.0, 1.0],
                [1.0, 1.5e-05, 7e-06, -0.0, -1.5e-05, 0.702175, 0.712004, 0.374726, 6e-06, -0.712004, 0.702175, -0.0, 0.0, 0.0, 0.0, 1.0],
                [1.0, 2e-05, 1.5e-05, 0.0, -2.1e-05, 0.31612, 0.948719, 0.374726, 1.4e-05, -0.94872, 0.316119, -0.0, 0.0, 0.0, 0.0, 1.0],
                [1.0, 1.2e-05, 5e-06, -0.0, -1.3e-05, 0.80938, 0.587285, 0.374726, 3e-06, -0.587285, 0.80938, -0.0, 0.0, 0.0, 0.0, 1.0]
            ]
        },
        {
            "name": "Knee_R",
            "time": [0.0, 1.0833],
            "transform": [
                [1.0, 0.0, -0.0, 0.0, -0.0, 0.00567, -0.999984, 0.374726, -0.0, 0.999984, 0.00567, -0.0, 0.0, 0.0, 0.0, 1.0],
                [1.0, 0.0, -0.0, -0.0, -0.0, 0.00567, -0.999984, 0.38447, -0.0, 0.999984, 0.00567, -5.5e-05, 0.0, 0.0, 0.0, 1.0]
            ]
        },
        {
            "name": "Thigh_L",
            "time": [0.4167, 0.0, 0.0833, 0.25, 0.3333, 0.5833, 1.0833],
            "transform": [
                [0.988582, -0.103159, -0.109839, -0.125006, 0.00462, -0.707834, 0.706364, -0.015479, -0.150615, -0.698806, -0.699275, -0.080949, 0.0, 0.0, 0.0, 1.0],
                [0.997011, -0.072557, -0.026539, -0.125006, -0.031004, -0.690398, 0.722765, -0.022139, -0.070764, -0.719782, -0.690584, -0.076516, 0.0, 0.0, 0.0, 1.0],
                [0.998596, -0.052234, 0.008801, -0.125006, -0.048626, -0.838064, 0.543401, -0.041123, -0.021008, -0.543067, -0.839427, -0.071809, 0.0, 0.0, 0.0, 1.0],
                [0.998286, -0.056398, -0.01561, -0.125006, -0.053795, -0.989445, 0.134557, -0.028641, -0.023034, -0.133487, -0.990783, -0.027837, 0.0, 0.0, 0.0, 1.0],
                [0.996355, -0.069726, -0.049149, -0.125006, -0.08245, -0.93496, -0.345039, -0.016132, -0.021894, 0.347834, -0.937301, 0.011493, 0.0, 0.0, 0.0, 1.0],
                [0.995101, -0.072764, -0.066932, -0.125006, -0.095616, -0.880458, -0.464383, -0.016132, -0.025141, 0.468507, -0.883102, 0.011493, 0.0, 0.0, 0.0, 1.0],
                [0.983465, -0.082441, -0.161247, -0.125006, -0.021049, -0.936378, 0.350363, -0.026763, -0.179872, -0.341176, -0.92263, -0.038304, 0.0, 0.0, 0.0, 1.0]
            ]
        },
        {
            "name": "Leg_L",
            "time": [0.0, 0.0833, 0.25, 0.3333, 0.4167, 0.5833, 1.0833],
            "transform": [
                [1.0, 1.4e-05, 6e-06, -0.0, -1.5e-05, 0.724569, 0.689202, 0.374726, 5e-06, -0.689202, 0.724569, 0.0, 0.0, 0.0, 0.0, 1.0],
                [1.0, 1.5e-05, 7e-06, 0.0, -1.6e-05, 0.677371, 0.735641, 0.374726, 6e-06, -0.735641, 0.677371, -0.0, 0.0, 0.0, 0.0, 1.0],
                [1.0, 1e-05, 3e-06, -0.0, -1.1e-05, 0.873952, 0.486011, 0.374726, 2e-06, -0.486012, 0.873952, -0.0, 0.0, 0.0, 0.0, 1.0],
                [1.0, 8e-06, 2e-06, 0.0, -9e-06, 0.919956, 0.392021, 0.374726, 1e-06, -0.392021, 0.919956, -0.0, 0.0, 0.0, 0.0, 1.0],
                [1.0, 1.1e-05, 4e-06, -0.0, -1.2e-05, 0.843728, 0.536771, 0.374726, 3e-06, -0.536771, 0.843728, 0.0, 0.0, 0.0, 0.0, 1.0],
                [1.0, 1.1e-05, 4e-06, 0.0, -1.1e-05, 0.865305, 0.501246, 0.374726, 2e-06, -0.501246, 0.865305, -0.0, 0.0, 0.0, 0.0, 1.0],
                [1.0, 7e-06, 2e-06, -0.0, -8e-06, 0.934693, 0.355455, 0.374726, 1e-06, -0.355455, 0.934693, 0.0, 0.0, 0.0, 0.0, 1.0]
            ]
        },
        {
            "name": "Knee_L",
            "time": [0.0, 1.0833],
            "transform": [
                [1.0, 0.0, -0.0, 0.0, -0.0, 0.00567, -0.999984, 0.398408, -0.0, 0.999984, 0.00567, -0.000134, 0.0, 0.0, 0.0, 1.0],
                [1.0, 0.0, -0.0, -0.0, -0.0, 0.00567, -0.999984, 0.374726, -0.0, 0.999984, 0.00567, 0.0, 0.0, 0.0, 0.0, 1.0]
            ]
        },
        {
            "name": "Torso",
            "time": [0.0, 0.0833, 0.25, 0.4167, 0.5833, 1.0833, 0.3333],
            "transform": [
                [0.990967, -0.017158, -0.133002, 0.0, 0.039168, 0.985568, 0.164689, 0.05, 0.128257, -0.168411, 0.977337, 0.0, 0.0, 0.0, 0.0, 1.0],
                [0.984151, -0.009232, -0.177089, 0.0, 0.029026, 0.993562, 0.109513, 0.05, 0.174938, -0.112918, 0.978083, 0.0, 0.0, 0.0, 0.0, 1.0],
                [0.953153, -0.0, -0.302488, 0.0, -0.013593, 0.99899, -0.042832, 0.05, 0.302183, 0.044937, 0.95219, 0.0, 0.0, 0.0, 0.0, 1.0],
                [0.974481, 0.007022, -0.224361, 0.0, -0.006621, 0.999975, 0.002541, 0.05, 0.224374, -0.000991, 0.974503, 0.0, 0.0, 0.0, 0.0, 1.0],
                [0.994761, 0.00917, -0.101816, 0.0, -0.004257, 0.998821, 0.048368, 0.05, 0.10214, -0.047681, 0.993627, 0.0, 0.0, 0.0, 0.0, 1.0],
                [0.998988, 0.006414, -0.044523, 0.0, -0.004257, 0.998821, 0.048368, 0.05, 0.044781, -0.048129, 0.997837, 0.0, 0.0, 0.0, 0.0, 1.0],
                [0.993169, 0.0, -0.116685, 0.0, 0.0, 1.0, 0.0, 0.05, 0.116685, 0.0, 0.993169, 0.0, 0.0, 0.0, 0.0, 1.0]
            ]
        },
        {
            "name": "Chest",
            "time": [0.0, 0.0833, 0.25, 0.3333, 0.4167, 0.5833, 1.0833],
            "transform": [
                [0.996434, 0.082128, 0.01933, -0.0, -0.081515, 0.996201, -0.030634, 0.3, -0.021773, 0.028949, 0.999344, 0.0, 0.0, 0.0, 0.0, 1.0],
                [0.99155, 0.081072, -0.101269, 0.0, -0.084925, 0.995796, -0.034333, 0.3, 0.09806, 0.042643, 0.994267, 0.0, 0.0, 0.0, 0.0, 1.0],
                [0.896859, 0.087746, -0.433525, 0.0, -0.115503, 0.992578, -0.038048, 0.3, 0.426969, 0.084197, 0.900338, 0.0, 0.0, 0.0, 0.0, 1.0],
                [0.979114, 0.129625, -0.156631, -0.0, -0.131718, 0.991283, -0.003017, 0.3, 0.154874, 0.023585, 0.987653, -0.0, 0.0, 0.0, 0.0, 1.0],
                [0.970455, 0.138195, 0.197788, 0.0, -0.146699, 0.988758, 0.028934, 0.3, -0.191566, -0.057094, 0.979818, 0.0, 0.0, 0.0, 0.0, 1.0],
                [0.961649, 0.133562, 0.239566, 0.0, -0.14473, 0.989029, 0.029567, 0.3, -0.232989, -0.063105, 0.97043, 0.0, 0.0, 0.0, 0.0, 1.0],
                [0.999216, 0.0, -0.039588, -0.0, 0.0, 1.0, 0.0, 0.3, 0.039588, 0.0, 0.999216, 0.0, 0.0, 0.0, 0.0, 1.0]
            ]
        },
        {
            "name": "Head",
            "time": [0.0, 0.0833, 0.25, 0.3333, 0.4167, 0.5833, 1.0833],
            "transform": [
                [0.937787, 0.105228, 0.330882, -0.0, -0.021173, 0.968527, -0.248005, 0.4, -0.346566, 0.22557, 0.9105, -0.0, 0.0, 0.0, 0.0, 1.0],
                [0.91396, 0.052427, 0.402403, 0.0, 0.012479, 0.98752, -0.157001, 0.4, -0.405612, 0.148515, 0.901899, 0.0, 0.0, 0.0, 0.0, 1.0],
                [0.813745, -0.137005, 0.564845, 0.0, 0.08257, 0.989214, 0.120983, 0.4, -0.575328, -0.05181, 0.81628, 0.0, 0.0, 0.0, 0.0, 1.0],
                [0.932189, -0.129845, 0.337881, 0.0, 0.105923, 0.990439, 0.088383, 0.4, -0.346126, -0.0466, 0.93703, 0.0, 0.0, 0.0, 0.0, 1.0],
                [0.988703, -0.121216, 0.088172, 0.0, 0.117073, 0.991826, 0.050742, 0.4, -0.093602, -0.039846, 0.994812, 0.0, 0.0, 0.0, 0.0, 1.0],
                [0.989844, -0.114678, 0.084016, 0.0, 0.107891, 0.990831, 0.081319, 0.4, -0.092572, -0.071429, 0.993141, 0.0, 0.0, 0.0, 0.0, 1.0],
                [0.991546, 0.0, 0.129759, -0.0, 0.0, 1.0, 0.0, 0.4, -0.129759, 0.0, 0.991546, -0.0, 0.0, 0.0, 0.0, 1.0]
            ]
        },
        {
            "name": "Shoulder_R",
            "time": [0.0, 1.0833],
            "transform": [
                [0.0, 0.952114, 0.305743, -0.0, 0.0, -0.305743, 0.952114, 0.4, 1.0, 0.0, -0.0, -0.0, 0.0, 0.0, 0.0, 1.0],
                [0.0, 0.952114, 0.305743, -0.0, 0.0, -0.305743, 0.952114, 0.4, 1.0, 0.0, -0.0, -0.0, 0.0, 0.0, 0.0, 1.0]
            ]
        },
        {
            "name": "Arm_R",
            "time": [0.0, 0.0833, 0.25, 0.3333, 0.4167, 0.5833, 1.0833],
            "transform": [
                [-0.061301, -0.818842, -0.570736, 0.0, 0.767209, 0.327112, -0.551714, 0.393861, 0.638461, -0.471694, 0.608171, 0.0, 0.0, 0.0, 0.0, 1.0],
                [0.2299, -0.914354, -0.333321, 0.0, 0.710549, 0.391739, -0.584518, 0.39386, 0.665031, -0.10246, 0.739754, -0.0, 0.0, 0.0, 0.0, 1.0],
                [0.857172, -0.341963, 0.385121, 0.0, 0.502536, 0.391614, -0.770777, 0.39386, 0.112758, 0.854225, 0.507529, -0.0, 0.0, 0.0, 0.0, 1.0],
                [0.801565, -0.58889, 0.103457, 0.0, 0.440225, 0.464183, -0.768594, 0.39386, 0.404594, 0.661622, 0.631317, -0.0, 0.0, 0.0, 0.0, 1.0],
                [0.636861, -0.743892, -0.202567, 0.0, 0.403369, 0.545404, -0.73473, 0.393861, 0.65704, 0.386211, 0.647409, -0.0, 0.0, 0.0, 0.0, 1.0],
                [0.650294, -0.730099, -0.209935, -0.0, 0.39257, 0.559546, -0.72993, 0.393861, 0.650389, 0.392255, 0.650485, -0.0, 0.0, 0.0, 0.0, 1.0],
                [0.202349, 0.205843, -0.957436, 0.0, 0.890358, 0.368463, 0.26739, 0.393861, 0.40782, -0.906567, -0.108716, 0.0, 0.0, 0.0, 0.0, 1.0]
            ]
        },
        {
            "name": "Hand_R",
            "time": [0.0, 0.0833, 0.25, 0.4167, 0.5833, 1.0833, 0.3333],
            "transform": [
                [1.0, 0.0, 0.0, -0.0, 0.0, 0.718803, -0.695214, 0.300003, -0.0, 0.695214, 0.718803, 0.0, 0.0, 0.0, 0.0, 1.0],
                [1.0, 0.0, 0.0, 0.0, 0.0, 0.664199, -0.747556, 0.300003, -0.0, 0.747556, 0.664199, -0.0, 0.0, 0.0, 0.0, 1.0],
                [1.0, 0.0, 0.0, 0.0, 0.0, 0.579232, -0.815163, 0.300002, -0.0, 0.815163, 0.579232, 0.0, 0.0, 0.0, 0.0, 1.0],
                [1.0, 0.0, 0.0, 0.0, 0.0, 0.627676, -0.778474, 0.300003, -0.0, 0.778474, 0.627676, 0.0, 0.0, 0.0, 0.0, 1.0],
                [1.0, 0.0, 0.0, -0.0, -0.0, 0.677488, -0.735534, 0.300003, -0.0, 0.735534, 0.677488, -0.0, 0.0, 0.0, 0.0, 1.0],
                [1.0, 0.0, 0.0, -0.0, 0.0, 0.675469, -0.737389, 0.300003, -0.0, 0.737389, 0.675469, -0.0, 0.0, 0.0, 0.0, 1.0],
                [1.0, 0.0, 0.0, -0.0, 0.0, 0.898915, -0.438123, 0.300003, -0.0, 0.438123, 0.898915, 0.0, 0.0, 0.0, 0.0, 1.0]
            ]
        },
        {
            "name": "Tool_R",
            "time": [0.0, 0.0833, 0.25, 0.3333, 0.4167, 0.5833, 1.0833],
            "transform": [
                [0.966103, -0.113368, 0.231934, 0.00213, 0.164429, -0.422389, -0.891376, 0.360336, 0.19902, 0.899298, -0.38943, 0.157907, 0.0, 0.0, 0.0, 1.0],
                [0.824465, 0.15405, 0.544543, -0.04186, 0.558072, -0.061692, -0.827496, 0.346453, -0.093882, 0.986136, -0.136834, 0.023398, 0.0, 0.0, 0.0, 1.0],
                [-0.227502, -0.289019, 0.929899, -0.12631, 0.070261, 0.947578, 0.311704, 0.270406, -0.97124, 0.136249, -0.195269, 0.016893, 0.0, 0.0, 0.0, 1.0],
                [0.154506, 0.11578, 0.981185, -0.139756, -0.054216, 0.992608, -0.10859, 0.292068, -0.986503, -0.036418, 0.159641, -0.011227, 0.0, 0.0, 0.0, 1.0],
                [0.375851, 0.536079, 0.755881, -0.121902, -0.301049, 0.842079, -0.44752, 0.332736, -0.876417, -0.059356, 0.477882, -0.070857, 0.0, 0.0, 0.0, 1.0],
                [0.374275, 0.533392, 0.758559, -0.169127, -0.298176, 0.843795, -0.446207, 0.354933, -0.878072, -0.05918, 0.474856, -0.060594, 0.0, 0.0, 0.0, 1.0],
                [1.0, -0.0, -0.0, -0.03943, -0.0, -0.951639, -0.307217, 0.310534, -0.0, 0.307217, -0.95164, 0.117398, 0.0, 0.0, 0.0, 1.0]
            ]
        },
        {
            "name": "Elbow_R",
            "time": [0.0, 1.0833],
            "transform": [
                [-1.0, 0.0, -0.0, -0.0, 0.0, 0.003946, -0.999992, 0.371235, -0.0, -0.999992, -0.003946, -0.000971, 0.0, 0.0, 0.0, 1.0],
                [-1.0, 0.0, -0.0, -0.0, 0.0, 0.003946, -0.999992, 0.341697, -0.0, -0.999992, -0.003946, -0.001088, 0.0, 0.0, 0.0, 1.0]
            ]
        },
        {
            "name": "Shoulder_L",
            "time": [0.0, 1.0833],
            "transform": [
                [-0.0, -0.952114, -0.305743, -0.0, 0.0, -0.305743, 0.952114, 0.4, -1.0, 0.0, 0.0, -0.0, 0.0, 0.0, 0.0, 1.0],
                [-0.0, -0.952114, -0.305743, -0.0, 0.0, -0.305743, 0.952114, 0.4, -1.0, 0.0, 0.0, -0.0, 0.0, 0.0, 0.0, 1.0]
            ]
        },
        {
            "name": "Arm_L",
            "time": [0.0, 0.0833, 0.25, 0.3333, 0.5833, 1.0833, 0.4167],
            "transform": [
                [-0.406942, 0.698571, 0.588555, 0.0, -0.481492, 0.383496, -0.788097, 0.39386, -0.77625, -0.604094, 0.180295, -0.0, 0.0, 0.0, 0.0, 1.0],
                [-0.411391, 0.725133, 0.552213, 0.0, -0.455271, 0.361381, -0.813715, 0.39386, -0.789611, -0.586161, 0.181463, 0.0, 0.0, 0.0, 0.0, 1.0],
                [-0.409966, 0.796406, 0.444596, -0.0, -0.370515, 0.3, -0.879044, 0.39386, -0.833455, -0.525107, 0.17209, -0.0, 0.0, 0.0, 0.0, 1.0],
                [-0.396959, 0.792286, 0.463365, 0.0, -0.375282, 0.320611, -0.869696, 0.39386, -0.837608, -0.519126, 0.170061, -0.0, 0.0, 0.0, 0.0, 1.0],
                [-0.376462, 0.780672, 0.498827, -0.0, -0.395157, 0.351691, -0.848625, 0.39386, -0.83793, -0.516589, 0.17609, -0.0, 0.0, 0.0, 0.0, 1.0],
                [-0.346418, 0.764072, 0.544232, -0.0, -0.419121, 0.392965, -0.818484, 0.39386, -0.839245, -0.511637, 0.184109, 0.0, 0.0, 0.0, 0.0, 1.0],
                [-0.40398, 0.751933, 0.520958, 0.0, -0.395678, 0.369831, -0.840633, 0.39386, -0.824766, -0.54573, 0.148119, 0.0, 0.0, 0.0, 0.0, 1.0]
            ]
        },
        {
            "name": "Hand_L",
            "time": [0.0, 0.0833, 0.25, 0.3333, 0.4167, 0.5833, 1.0833],
            "transform": [
                [1.0, 0.0, 0.0, 0.0, 0.0, 0.442729, -0.896655, 0.300003, 0.0, 0.896656, 0.442729, 0.0, 0.0, 0.0, 0.0, 1.0],
                [1.0, 0.0, 0.0, 0.0, -0.0, 0.416567, -0.909105, 0.300002, -0.0, 0.909105, 0.416567, -0.0, 0.0, 0.0, 0.0, 1.0],
                [1.0, 0.0, -0.0, 0.0, 0.0, 0.324226, -0.94598, 0.300003, -0.0, 0.94598, 0.324226, 0.0, 0.0, 0.0, 0.0, 1.0],
                [1.0, 0.0, 0.0, -0.0, 0.0, 0.348868, -0.937172, 0.300003, -0.0, 0.937172, 0.348868, 0.0, 0.0, 0.0, 0.0, 1.0],
                [1.0, -0.0, -0.0, 0.0, 0.0, 0.389277, -0.921121, 0.300002, 0.0, 0.921121, 0.389277, 0.0, 0.0, 0.0, 0.0, 1.0],
                [1.0, 0.0, 0.0, -0.0, -0.0, 0.407393, -0.913253, 0.300003, 0.0, 0.913253, 0.407393, -0.0, 0.0, 0.0, 0.0, 1.0],
                [1.0, 0.0, -0.0, -0.0, -0.0, 0.612591, -0.7904, 0.300003, 0.0, 0.7904, 0.612591, 0.0, 0.0, 0.0, 0.0, 1.0]
            ]
        },
        {
            "name": "Tool_L",
            "time": [0.0, 0.0833, 0.25, 0.3333, 0.4167, 0.5833, 1.0833],
            "transform": [
                [0.789176, -0.293745, 0.539366, -0.023386, -0.378866, -0.92404, 0.051097, 0.281609, 0.483386, -0.244672, -0.84052, -0.01952, 0.0, 0.0, 0.0, 1.0],
                [0.789176, -0.293745, 0.539366, -0.023386, -0.378866, -0.92404, 0.051097, 0.281609, 0.483386, -0.244672, -0.84052, -0.01952, 0.0, 0.0, 0.0, 1.0],
                [0.789176, -0.293745, 0.539366, -0.023386, -0.378866, -0.92404, 0.051097, 0.281609, 0.483386, -0.244672, -0.84052, -0.01952, 0.0, 0.0, 0.0, 1.0],
                [0.789176, -0.293745, 0.539366, -0.022791, -0.378866, -0.92404, 0.051097, 0.280818, 0.483386, -0.244672, -0.84052, -0.021124, 0.0, 0.0, 0.0, 1.0],
                [0.789176, -0.293745, 0.539366, -0.022197, -0.378866, -0.92404, 0.051096, 0.280026, 0.483386, -0.244672, -0.84052, -0.022728, 0.0, 0.0, 0.0, 1.0],
                [0.789176, -0.293745, 0.539366, -0.022197, -0.378866, -0.92404, 0.051097, 0.280026, 0.483387, -0.244672, -0.84052, -0.022728, 0.0, 0.0, 0.0, 1.0],
                [0.789176, -0.293745, 0.539366, -0.023386, -0.378866, -0.92404, 0.051097, 0.281609, 0.483386, -0.244672, -0.84052, -0.01952, 0.0, 0.0, 0.0, 1.0]
            ]
        },
        {
            "name": "Elbow_L",
            "time": [0.0, 1.0833],
            "transform": [
                [-1.0, 0.0, -0.0, 0.0, 0.0, 0.003946, -0.999992, 0.403418, -0.0, -0.999993, -0.003946, -0.000844, 0.0, 0.0, 0.0, 1.0],
                [-1.0, 0.0, -0.0, -0.0, 0.0, 0.003946, -0.999992, 0.384611, -0.0, -0.999992, -0.003946, -0.000918, 0.0, 0.0, 0.0, 1.0]
            ]
        },
        {
            "name": "IK-Thigh_R",
            "time": [0.0, 0.25, 1.0833, 0.0833, 0.3333, 0.4167, 0.5833],
            "transform": [
                [0.739626, 0.174843, 0.64991, 0.131185, 0.400534, -0.890389, -0.216287, -0.023814, 0.540856, 0.420283, -0.728586, 0.04121, 0.0, 0.0, 0.0, 1.0],
                [0.743519, 0.259713, 0.616221, 0.131581, 0.362158, -0.931051, -0.044571, -0.023306, 0.562157, 0.256309, -0.786311, 0.041059, 0.0, 0.0, 0.0, 1.0],
                [0.764195, 0.248084, 0.595366, 0.132714, 0.206139, -0.968598, 0.139013, -0.015969, 0.611157, 0.016495, -0.791337, 0.037085, 0.0, 0.0, 0.0, 1.0],
                [0.894509, 0.385111, 0.227031, 0.132502, 0.037615, -0.570879, 0.820172, -0.008272, 0.445464, -0.725112, -0.525142, 0.015227, 0.0, 0.0, 0.0, 1.0],
                [0.998926, 0.032332, 0.033176, 0.131926, -0.001091, -0.699546, 0.714587, -0.004006, 0.046313, -0.713857, -0.698759, -0.004566, 0.0, 0.0, 0.0, 1.0],
                [0.997552, 0.056945, 0.040591, 0.130048, -0.001182, -0.566638, 0.823966, -0.020134, 0.069921, -0.821997, -0.565184, -0.004566, 0.0, 0.0, 0.0, 1.0],
                [0.960229, 0.147359, 0.237162, 0.12514, 0.123492, -0.985936, 0.112609, -0.015969, 0.250421, -0.078843, -0.964922, 0.0372, 0.0, 0.0, 0.0, 1.0]
            ]
        },
        {
            "name": "IK-Leg_R",
            "time": [0.0, 1.0833],
            "transform": [
                [1.0, 1e-05, 3e-06, 0.0, -1e-05, 0.89026, 0.455453, 0.374726, 2e-06, -0.455453, 0.89026, -0.0, 0.0, 0.0, 0.0, 1.0],
                [1.0, 1.2e-05, 5e-06, -0.0, -1.3e-05, 0.80938, 0.587285, 0.374726, 3e-06, -0.587285, 0.80938, -0.0, 0.0, 0.0, 0.0, 1.0]
            ]
        },
        {
            "name": "IK-Thigh_L",
            "time": [1.0833, 0.0, 0.0833, 0.25, 0.3333, 0.4167, 0.5833],
            "transform": [
                [0.988582, -0.103159, -0.109839, -0.125006, 0.00462, -0.707834, 0.706364, -0.015479, -0.150615, -0.698806, -0.699275, -0.080949, 0.0, 0.0, 0.0, 1.0],
                [0.997011, -0.072557, -0.026539, -0.125006, -0.031004, -0.690398, 0.722765, -0.022139, -0.070764, -0.719782, -0.690584, -0.076516, 0.0, 0.0, 0.0, 1.0],
                [0.998596, -0.052234, 0.008801, -0.125006, -0.048626, -0.838064, 0.543401, -0.041123, -0.021008, -0.543067, -0.839427, -0.071809, 0.0, 0.0, 0.0, 1.0],
                [0.998286, -0.056398, -0.01561, -0.125006, -0.053795, -0.989445, 0.134557, -0.028641, -0.023034, -0.133487, -0.990783, -0.027837, 0.0, 0.0, 0.0, 1.0],
                [0.996355, -0.069726, -0.049149, -0.125006, -0.08245, -0.93496, -0.345039, -0.016132, -0.021894, 0.347834, -0.937301, 0.011493, 0.0, 0.0, 0.0, 1.0],
                [0.995101, -0.072764, -0.066932, -0.125006, -0.095616, -0.880458, -0.464383, -0.016132, -0.025141, 0.468507, -0.883102, 0.011493, 0.0, 0.0, 0.0, 1.0],
                [0.983465, -0.082441, -0.161247, -0.125006, -0.021049, -0.936378, 0.350363, -0.026763, -0.179872, -0.341176, -0.92263, -0.038304, 0.0, 0.0, 0.0, 1.0]
            ]
        }
    ]
}