{
    "animation": [
        {
            "name": "Root",
            "time": [0.0, 0.1667, 0.25, 0.3333, 0.4167],
            "transform": [
                [1.0, 0.0, 0.0, -5e-06, 0.0, 0.0, -1.0, 0.000946, 0.0, 1.0, 0.0, 0.763972, 0.0, 0.0, 0.0, 1.0],
                [1.0, 0.0, 0.0, -5e-06, 0.0, 0.0, -1.0, -0.039689, 0.0, 1.0, 0.0, 0.728416, 0.0, 0.0, 0.0, 1.0],
                [1.0, 0.0, 0.0, -5e-06, 0.0, 0.0, -1.0, 0.236545, 0.0, 1.0, 0.0, 0.731431, 0.0, 0.0, 0.0, 1.0],
                [1.0, 0.0, 0.0, -5e-06, 0.0, 0.0, -1.0, 0.544445, 0.0, 1.0, 0.0, 0.68778, 0.0, 0.0, 0.0, 1.0],
                [1.0, 0.0, 0.0, -5e-06, 0.0, 0.0, -1.0, 0.565555, 0.0, 1.0, 0.0, 0.691653, 0.0, 0.0, 0.0, 1.0]
            ]
        },
        {
            "name": "Thigh_R",
            "time": [0.0, 0.1667, 0.25, 0.3333, 0.4167],
            "transform": [
                [0.484434, 0.315249, 0.816053, 0.08687, 0.244896, -0.944388, 0.219448, -0.036552, 0.839851, 0.09354, -0.534697, 0.074568, 0.0, 0.0, 0.0, 1.0],
                [0.394428, 0.434526, 0.8097, 0.08687, 0.290949, -0.894857, 0.338496, -0.036552, 0.871651, 0.10207, -0.479381, 0.074568, 0.0, 0.0, 0.0, 1.0],
                [0.976428, 0.182318, 0.115536, 0.094489, 0.047778, -0.704564, 0.708031, -0.000444, 0.210489, -0.685821, -0.696666, -0.001623, 0.0, 0.0, 0.0, 1.0],
                [0.993198, 0.066606, 0.095507, 0.102109, -0.006346, -0.788052, 0.615577, -0.000996, 0.116266, -0.611996, -0.782268, -0.077815, 0.0, 0.0, 0.0, 1.0],
                [0.993218, 0.067792, 0.094462, 0.102109, -0.00266, -0.798972, 0.601363, -0.000996, 0.11624, -0.597535, -0.793373, -0.077815, 0.0, 0.0, 0.0, 1.0]
            ]
        },
        {
            "name": "Leg_R",
            "time": [0.0, 0.1667, 0.25, 0.3333, 0.4167],
            "transform": [
                [1.0, 1.2e-05, 5e-06, 0.0, -1.3e-05, 0.816762, 0.576974, 0.374726, 3e-06, -0.576975, 0.816762, 0.0, 0.0, 0.0, 0.0, 1.0],
                [1.0, 1.6e-05, 8e-06, 0.0, -1.6e-05, 0.650292, 0.759684, 0.374726, 7e-06, -0.759684, 0.650292, -0.0, 0.0, 0.0, 0.0, 1.0],
                [1.0, 2.1e-05, 2e-05, -0.0, -2.2e-05, 0.078546, 0.99691, 0.374726, 1.9e-05, -0.996911, 0.078546, -0.0, 0.0, 0.0, 0.0, 1.0],
                [1.0, 1.3e-05, 5e-06, -0.0, -1.3e-05, 0.792079, 0.610418, 0.374726, 4e-06, -0.610418, 0.792079, 0.0, 0.0, 0.0, 0.0, 1.0],
                [1.0, 1.3e-05, 5e-06, -0.0, -1.4e-05, 0.777341, 0.629079, 0.374726, 4e-06, -0.62908, 0.777341, 0.0, 0.0, 0.0, 0.0, 1.0]
            ]
        },
        {
            "name": "Knee_R",
            "time": [0.0, 0.4167],
            "transform": [
                [1.0, 0.0, -0.0, 0.0, -0.0, 0.00567, -0.999984, 0.383138, -0.0, 0.999984, 0.00567, -4.8e-05, 0.0, 0.0, 0.0, 1.0],
                [1.0, 0.0, -0.0, -0.0, -0.0, 0.00567, -0.999984, 0.390003, -0.0, 0.999984, 0.00567, -8.7e-05, 0.0, 0.0, 0.0, 1.0]
            ]
        },
        {
            "name": "Thigh_L",
            "time": [0.0, 0.1667, 0.25, 0.3333, 0.4167],
            "transform": [
                [1.0, -4e-06, 0.0, -0.125006, -4e-06, -0.932244, 0.361831, -0.00791, -1e-06, -0.361831, -0.932244, -0.126997, 0.0, 0.0, 0.0, 1.0],
                [1.0, -7e-06, 1e-06, -0.125006, -6e-06, -0.839686, 0.543072, -0.00791, -3e-06, -0.543072, -0.839686, -0.126997, 0.0, 0.0, 0.0, 1.0],
                [0.876184, -0.135666, -0.46249, -0.11769, -0.049026, -0.979677, 0.194498, 0.011281, -0.479478, -0.147742, -0.865028, -0.01271, 0.0, 0.0, 0.0, 1.0],
                [0.691776, -0.223787, -0.686561, -0.104104, -0.389843, -0.916049, -0.094215, 0.012472, -0.60784, 0.332827, -0.720942, 0.059355, 0.0, 0.0, 0.0, 1.0],
                [0.331164, -0.185408, -0.925178, -0.096788, -0.50769, -0.861492, -0.009081, 0.019845, -0.79535, 0.472711, -0.379425, 0.063119, 0.0, 0.0, 0.0, 1.0]
            ]
        },
        {
            "name": "Leg_L",
            "time": [0.0, 0.1667, 0.25, 0.3333, 0.4167],
            "transform": [
                [1.0, 8e-06, 2e-06, -0.0, -8e-06, 0.93374, 0.357952, 0.374726, 1e-06, -0.357952, 0.93374, -0.0, 0.0, 0.0, 0.0, 1.0],
                [1.0, 1.3e-05, 5e-06, -0.0, -1.3e-05, 0.800459, 0.599387, 0.374726, 4e-06, -0.599387, 0.800459, -0.0, 0.0, 0.0, 0.0, 1.0],
                [1.0, 1.1e-05, 4e-06, 0.0, -1.1e-05, 0.863565, 0.504237, 0.374726, 2e-06, -0.504237, 0.863565, -0.0, 0.0, 0.0, 0.0, 1.0],
                [1.0, 1.1e-05, 4e-06, 0.0, -1.1e-05, 0.852673, 0.522445, 0.374726, 3e-06, -0.522446, 0.852673, 0.0, 0.0, 0.0, 0.0, 1.0],
                [1.0, 6e-06, 2e-06, -0.0, -7e-06, 0.950905, 0.309482, 0.374726, 0.0, -0.309482, 0.950905, 0.0, 0.0, 0.0, 0.0, 1.0]
            ]
        },
        {
            "name": "Knee_L",
            "time": [0.0, 0.4167],
            "transform": [
                [1.0, 0.0, -0.0, -0.0, -0.0, 0.00567, -0.999984, 0.374726, -0.0, 0.999984, 0.00567, -0.0, 0.0, 0.0, 0.0, 1.0],
                [1.0, 0.0, -0.0, -0.0, -0.0, 0.00567, -0.999984, 0.374726, -0.0, 0.999984, 0.00567, -0.0, 0.0, 0.0, 0.0, 1.0]
            ]
        },
        {
            "name": "Torso",
            "time": [0.0, 0.1667, 0.3333, 0.4167, 0.25],
            "transform": [
                [0.726175, 0.0, -0.687509, 0.0, 0.033345, 0.998823, 0.03522, 0.05, 0.6867, -0.048501, 0.725321, 0.0, 0.0, 0.0, 0.0, 1.0],
                [0.688538, 0.002585, -0.725196, 0.0, 0.033345, 0.998823, 0.03522, 0.05, 0.724433, -0.048432, 0.687642, 0.0, 0.0, 0.0, 0.0, 1.0],
                [0.951289, -0.021112, -0.307576, 0.0, 0.033624, 0.998806, 0.035435, 0.05, 0.30646, -0.044051, 0.950864, 0.0, 0.0, 0.0, 0.0, 1.0],
                [0.943562, -0.043079, 0.328383, 0.0, 0.033345, 0.998823, 0.03522, 0.05, -0.329514, -0.022283, 0.943888, 0.0, 0.0, 0.0, 0.0, 1.0],
                [0.906825, -0.045052, 0.419093, 0.0, 0.033345, 0.998823, 0.03522, 0.05, -0.420187, -0.017964, 0.90726, 0.0, 0.0, 0.0, 0.0, 1.0]
            ]
        },
        {
            "name": "Chest",
            "time": [0.0, 0.1667, 0.3333, 0.4167, 0.25],
            "transform": [
                [0.992911, 0.0, -0.118863, 0.0, -0.0, 1.0, 0.0, 0.3, 0.118863, -0.0, 0.992911, 0.0, 0.0, 0.0, 0.0, 1.0],
                [0.979873, 0.002993, -0.199599, 0.0, -0.002412, 0.999992, 0.003155, 0.3, 0.199607, -0.00261, 0.979873, 0.0, 0.0, 0.0, 0.0, 1.0],
                [0.990281, -0.030995, 0.135586, 0.0, 0.035602, 0.998864, -0.031683, 0.3, -0.13445, 0.036202, 0.990259, -0.0, 0.0, 0.0, 0.0, 1.0],
                [0.789551, -0.038371, 0.612485, 0.0, 0.09135, 0.994273, -0.05547, 0.3, -0.606848, 0.099747, 0.788534, 0.0, 0.0, 0.0, 0.0, 1.0],
                [0.684497, -0.027377, 0.728501, -0.0, 0.098927, 0.993539, -0.055614, 0.3, -0.722272, 0.110136, 0.682784, 0.0, 0.0, 0.0, 0.0, 1.0]
            ]
        },
        {
            "name": "Head",
            "time": [0.0, 0.1667, 0.25, 0.3333, 0.4167],
            "transform": [
                [0.667049, -0.010693, 0.744937, 0.0, 0.035534, 0.999216, -0.017475, 0.4, -0.744166, 0.038127, 0.666905, 0.0, 0.0, 0.0, 0.0, 1.0],
                [0.690791, -0.010898, 0.722973, 0.0, 0.033967, 0.999272, -0.017392, 0.4, -0.722256, 0.036571, 0.690658, -0.0, 0.0, 0.0, 0.0, 1.0],
                [0.98807, -0.012214, 0.153521, 0.0, 0.008468, 0.999651, 0.025036, 0.4, -0.153774, -0.023437, 0.987828, 0.0, 0.0, 0.0, 0.0, 1.0],
                [0.94405, -0.014438, 0.329488, -0.0, -0.002947, 0.998632, 0.052202, 0.4, -0.329791, -0.050252, 0.942716, 0.0, 0.0, 0.0, 0.0, 1.0],
                [0.867644, -0.020441, 0.496765, -0.0, 0.003226, 0.999365, 0.035488, 0.4, -0.497175, -0.029189, 0.867159, -0.0, 0.0, 0.0, 0.0, 1.0]
            ]
        },
        {
            "name": "Shoulder_R",
            "time": [0.0, 0.1667, 0.25, 0.3333, 0.4167],
            "transform": [
                [0.0, 0.952114, 0.305743, 0.0, 0.0, -0.305743, 0.952114, 0.4, 1.0, 0.0, -0.0, 0.0, 0.0, 0.0, 0.0, 1.0],
                [0.0, 0.952114, 0.305743, 0.0, 0.0, -0.305743, 0.952114, 0.4, 1.0, -0.0, -0.0, -0.0, 0.0, 0.0, 0.0, 1.0],
                [0.0, 0.952114, 0.305743, 0.0, 0.0, -0.305743, 0.952114, 0.4, 1.0, -0.0, -0.0, 0.0, 0.0, 0.0, 0.0, 1.0],
                [0.0, 0.952114, 0.305743, -0.0, 0.0, -0.305743, 0.952114, 0.4, 1.0, -0.0, -0.0, 0.0, 0.0, 0.0, 0.0, 1.0],
                [0.0, 0.952114, 0.305743, -0.0, 0.0, -0.305743, 0.952114, 0.4, 1.0, 0.0, -0.0, -0.0, 0.0, 0.0, 0.0, 1.0]
            ]
        },
        {
            "name": "Arm_R",
            "time": [0.0, 0.1667, 0.25, 0.3333, 0.4167],
            "transform": [
                [-0.069546, -0.300459, -0.951256, 0.0, 0.997536, -0.029768, -0.063526, 0.393861, -0.00923, -0.95333, 0.301789, -0.0, 0.0, 0.0, 0.0, 1.0],
                [-0.043948, -0.306071, -0.950994, -0.0, 0.994909, 0.072999, -0.069471, 0.39386, 0.090685, -0.949206, 0.301304, -0.0, 0.0, 0.0, 0.0, 1.0],
                [0.065366, -0.64263, -0.763383, 0.0, 0.911188, -0.273417, 0.308189, 0.39386, -0.406773, -0.71573, 0.567684, 0.0, 0.0, 0.0, 0.0, 1.0],
                [-0.424696, -0.903346, 0.05999, 0.0, 0.884476, -0.428142, -0.185463, 0.393861, 0.193222, -0.025706, 0.980819, 0.0, 0.0, 0.0, 0.0, 1.0],
                [-0.44155, -0.895264, 0.059465, 0.0, 0.876589, -0.444577, -0.18424, 0.39386, 0.19138, -0.029224, 0.981081, 0.0, 0.0, 0.0, 0.0, 1.0]
            ]
        },
        {
            "name": "Hand_R",
            "time": [0.0, 0.1667, 0.25, 0.3333, 0.4167],
            "transform": [
                [1.0, -0.0, 0.0, 0.0, 0.0, 0.87424, -0.485493, 0.300003, -0.0, 0.485493, 0.87424, 0.0, 0.0, 0.0, 0.0, 1.0],
                [1.0, 0.0, 0.0, -0.0, -0.0, 0.874353, -0.485291, 0.300003, -0.0, 0.485291, 0.874353, 0.0, 0.0, 0.0, 0.0, 1.0],
                [1.0, 0.0, 0.0, -0.0, -0.0, 0.888451, -0.458971, 0.300003, -0.0, 0.458971, 0.888451, 0.0, 0.0, 0.0, 0.0, 1.0],
                [1.0, -0.0, 0.0, 0.0, 0.0, 0.875117, -0.483911, 0.300003, -0.0, 0.483911, 0.875117, 0.0, 0.0, 0.0, 0.0, 1.0],
                [1.0, 0.0, 0.0, -0.0, 0.0, 0.875117, -0.483911, 0.300003, -0.0, 0.483911, 0.875117, -0.0, 0.0, 0.0, 0.0, 1.0]
            ]
        },
        {
            "name": "Tool_R",
            "time": [0.0, 0.1667, 0.25, 0.3333, 0.4167],
            "transform": [
                [0.058223, 0.186253, -0.980775, -0.0, 0.165103, -0.97071, -0.17454, 0.271711, -0.984557, -0.151767, -0.087269, -0.028915, 0.0, 0.0, 0.0, 1.0],
                [0.06271, 0.17678, -0.982251, -0.0, 0.161266, -0.97305, -0.164828, 0.271711, -0.984917, -0.148067, -0.089528, -0.028915, 0.0, 0.0, 0.0, 1.0],
                [0.052406, 0.211519, -0.975968, 0.0, 0.175549, -0.964043, -0.199508, 0.271711, -0.983075, -0.160875, -0.087654, -0.028915, 0.0, 0.0, 0.0, 1.0],
                [0.041595, 0.245849, -0.968416, 0.0, 0.189422, -0.953617, -0.233956, 0.271711, -0.981015, -0.173708, -0.086235, -0.028915, 0.0, 0.0, 0.0, 1.0],
                [0.041595, 0.245849, -0.968416, -0.0, 0.189422, -0.953616, -0.233956, 0.271711, -0.981015, -0.173708, -0.086235, -0.028915, 0.0, 0.0, 0.0, 1.0]
            ]
        },
        {
            "name": "Elbow_R",
            "time": [0.0, 0.4167],
            "transform": [
                [-1.0, 0.0, -0.0, 0.0, 0.0, 0.003946, -0.999992, 0.346703, -0.0, -0.999992, -0.003946, -0.001068, 0.0, 0.0, 0.0, 1.0],
                [-1.0, 0.0, -0.0, -0.0, 0.0, 0.003946, -0.999992, 0.346533, -0.0, -0.999993, -0.003946, -0.001069, 0.0, 0.0, 0.0, 1.0]
            ]
        },
        {
            "name": "Shoulder_L",
            "time": [0.0, 0.1667, 0.25, 0.3333, 0.4167],
            "transform": [
                [-0.0, -0.952114, -0.305743, 0.0, 0.0, -0.305743, 0.952114, 0.4, -1.0, 0.0, 0.0, 0.0, 0.0, 0.0, 0.0, 1.0],
                [0.0, -0.952114, -0.305743, 0.0, 0.0, -0.305743, 0.952114, 0.4, -1.0, -0.0, 0.0, -0.0, 0.0, 0.0, 0.0, 1.0],
                [-0.0, -0.952114, -0.305743, 0.0, 0.0, -0.305743, 0.952114, 0.4, -1.0, 0.0, 0.0, 0.0, 0.0, 0.0, 0.0, 1.0],
                [-0.0, -0.952114, -0.305743, -0.0, 0.0, -0.305743, 0.952114, 0.4, -1.0, 0.0, 0.0, 0.0, 0.0, 0.0, 0.0, 1.0],
                [-0.0, -0.952114, -0.305743, -0.0, 0.0, -0.305743, 0.952114, 0.4, -1.0, 0.0, 0.0, -0.0, 0.0, 0.0, 0.0, 1.0]
            ]
        },
        {
            "name": "Arm_L",
            "time": [0.0, 0.1667, 0.25, 0.3333, 0.4167],
            "transform": [
                [-0.847095, 0.531259, -0.013902, -0.0, 0.166485, 0.240437, -0.956281, 0.39386, -0.50469, -0.812375, -0.29212, 0.0, 0.0, 0.0, 0.0, 1.0],
                [-0.887635, 0.456117, -0.063729, -0.0, 0.1093, 0.074209, -0.991235, 0.39386, -0.447389, -0.88682, -0.115724, -0.0, 0.0, 0.0, 0.0, 1.0],
                [0.159281, 0.984117, 0.078381, 0.0, 0.780043, -0.076791, -0.620995, 0.39386, -0.605112, 0.160053, -0.779885, -0.0, 0.0, 0.0, 0.0, 1.0],
                [0.589248, 0.651408, 0.477969, -0.0, 0.699748, -0.115715, -0.704956, 0.39386, -0.403906, 0.749852, -0.524006, 0.0, 0.0, 0.0, 0.0, 1.0],
                [0.534783, 0.627582, 0.565816, -0.0, 0.754868, -0.053922, -0.653657, 0.39386, -0.379713, 0.776681, -0.502578, -0.0, 0.0, 0.0, 0.0, 1.0]
            ]
        },
        {
            "name": "Hand_L",
            "time": [0.0, 0.1667, 0.25, 0.3333, 0.4167],
            "transform": [
                [1.0, 0.0, 0.0, 0.0, 0.0, 0.876942, -0.480597, 0.300002, 0.0, 0.480597, 0.876942, -0.0, 0.0, 0.0, 0.0, 1.0],
                [1.0, 0.0, 0.0, 0.0, 0.0, 0.934112, -0.356981, 0.300002, -0.0, 0.356981, 0.934112, -0.0, 0.0, 0.0, 0.0, 1.0],
                [1.0, 0.0, 0.0, 0.0, 0.0, 0.903894, -0.427756, 0.300003, -0.0, 0.427757, 0.903894, -0.0, 0.0, 0.0, 0.0, 1.0],
                [1.0, -0.0, 0.0, -0.0, 0.0, 0.798363, -0.602176, 0.300003, -0.0, 0.602176, 0.798363, -0.0, 0.0, 0.0, 0.0, 1.0],
                [1.0, 0.0, 0.0, 0.0, -0.0, 0.656821, -0.754046, 0.300002, -0.0, 0.754046, 0.656821, 0.0, 0.0, 0.0, 0.0, 1.0]
            ]
        },
        {
            "name": "Tool_L",
            "time": [0.0, 0.1667, 0.25, 0.3333, 0.4167],
            "transform": [
                [1.0, 0.0, 0.0, 0.0, 0.0, -0.999559, -0.029689, 0.271711, 0.0, 0.029689, -0.99956, -0.028915, 0.0, 0.0, 0.0, 1.0],
                [1.0, -0.0, 0.0, -0.0, -0.0, -0.999559, -0.029689, 0.271711, 0.0, 0.029689, -0.999559, -0.028915, 0.0, 0.0, 0.0, 1.0],
                [1.0, 0.0, 0.0, 0.0, -0.0, -0.999559, -0.029689, 0.271711, 0.0, 0.029689, -0.99956, -0.028915, 0.0, 0.0, 0.0, 1.0],
                [1.0, -0.0, 0.0, 0.0, 0.0, -0.999559, -0.029689, 0.271711, 0.0, 0.029689, -0.99956, -0.028915, 0.0, 0.0, 0.0, 1.0],
                [1.0, 0.0, 0.0, -0.0, 0.0, -0.999559, -0.029689, 0.271711, 0.0, 0.029689, -0.99956, -0.028915, 0.0, 0.0, 0.0, 1.0]
            ]
        },
        {
            "name": "Elbow_L",
            "time": [0.0, 0.4167],
            "transform": [
                [-1.0, 0.0, -0.0, 0.0, 0.0, 0.003946, -0.999992, 0.346178, -0.0, -0.999993, -0.003946, -0.00107, 0.0, 0.0, 0.0, 1.0],
                [-1.0, 0.0, -0.0, -0.0, 0.0, 0.003946, -0.999992, 0.379245, -0.0, -0.999992, -0.003946, -0.00094, 0.0, 0.0, 0.0, 1.0]
            ]
        },
        {
            "name": "IK-Thigh_R",
            "time": [0.0, 0.1667, 0.3333, 0.4167, 0.25],
            "transform": [
                [0.484434, 0.315249, 0.816053, 0.08687, 0.244896, -0.944388, 0.219448, -0.036552, 0.839851, 0.09354, -0.534697, 0.074568, 0.0, 0.0, 0.0, 1.0],
                [0.394428, 0.434526, 0.8097, 0.08687, 0.290949, -0.894857, 0.338496, -0.036552, 0.871651, 0.10207, -0.479381, 0.074568, 0.0, 0.0, 0.0, 1.0],
                [0.976428, 0.182318, 0.115536, 0.094489, 0.047778, -0.704564, 0.708031, -0.000444, 0.210489, -0.685821, -0.696666, -0.001623, 0.0, 0.0, 0.0, 1.0],
                [0.993198, 0.066606, 0.095507, 0.102109, -0.006346, -0.788052, 0.615577, -0.000996, 0.116266, -0.611996, -0.782268, -0.077815, 0.0, 0.0, 0.0, 1.0],
                [0.993218, 0.067792, 0.094462, 0.102109, -0.00266, -0.798972, 0.601363, -0.000996, 0.11624, -0.597535, -0.793373, -0.077815, 0.0, 0.0, 0.0, 1.0]
            ]
        },
        {
            "name": "IK-Leg_R",
            "time": [0.0, 0.4167],
            "transform": [
                [1.0, 1.2e-05, 5e-06, 0.0, -1.3e-05, 0.816762, 0.576974, 0.374726, 3e-06, -0.576975, 0.816762, 0.0, 0.0, 0.0, 0.0, 1.0],
                [1.0, 1.3e-05, 5e-06, -0.0, -1.4e-05, 0.777341, 0.629079, 0.374726, 4e-06, -0.62908, 0.777341, 0.0, 0.0, 0.0, 0.0, 1.0]
            ]
        },
        {
            "name": "IK-Thigh_L",
            "time": [0.0, 0.1667, 0.4167, 0.25, 0.3333],
            "transform": [
                [1.0, -4e-06, 0.0, -0.125006, -4e-06, -0.932244, 0.361831, -0.00791, -1e-06, -0.361831, -0.932244, -0.126997, 0.0, 0.0, 0.0, 1.0],
                [1.0, -7e-06, 1e-06, -0.125006, -6e-06, -0.839686, 0.543072, -0.00791, -3e-06, -0.543072, -0.839686, -0.126997, 0.0, 0.0, 0.0, 1.0],
                [0.876184, -0.135666, -0.46249, -0.11769, -0.049026, -0.979677, 0.194498, 0.011281, -0.479478, -0.147742, -0.865028, -0.01271, 0.0, 0.0, 0.0, 1.0],
                [0.691776, -0.223787, -0.686561, -0.104104, -0.389843, -0.916049, -0.094215, 0.012472, -0.60784, 0.332827, -0.720942, 0.059355, 0.0, 0.0, 0.0, 1.0],
                [0.331164, -0.185408, -0.925178, -0.096788, -0.50769, -0.861492, -0.009081, 0.019845, -0.79535, 0.472711, -0.379425, 0.063119, 0.0, 0.0, 0.0, 1.0]
            ]
        }
    ]
}