{
    "animation": [
        {
            "name": "Root",
            "time": [0.0, 0.1667, 0.3333, 0.4167],
            "transform": [
                [1.0, 0.0, 0.0, -5e-06, 0.0, 0.0, -1.0, -0.104356, 0.0, 1.0, 0.0, 0.692174, 0.0, 0.0, 0.0, 1.0],
                [1.0, 0.0, 0.0, -5e-06, 0.0, 0.0, -1.0, -0.104356, 0.0, 1.0, 0.0, 0.692174, 0.0, 0.0, 0.0, 1.0],
                [1.0, 0.0, 0.0, -5e-06, 0.0, 0.0, -1.0, 0.148524, 0.0, 1.0, 0.0, 0.644566, 0.0, 0.0, 0.0, 1.0],
                [1.0, 0.0, 0.0, -5e-06, 0.0, 0.0, -1.0, 0.148524, 0.0, 1.0, 0.0, 0.644566, 0.0, 0.0, 0.0, 1.0]
            ]
        },
        {
            "name": "Thigh_R",
            "time": [0.0, 0.1667, 0.3333, 0.4167],
            "transform": [
                [0.69796, 0.323257, 0.639028, 0.132714, 0.25538, -0.94601, 0.199614, -0.015969, 0.669054, 0.023873, -0.742831, 0.037085, 0.0, 0.0, 0.0, 1.0],
                [0.712505, 0.327275, 0.620667, 0.132714, 0.235896, -0.944801, 0.227388, -0.015969, 0.660824, -0.015602, -0.750379, 0.053213, 0.0, 0.0, 0.0, 1.0],
                [0.99622, 0.025606, 0.083006, 0.135601, 0.063163, -0.869525, -0.489834, -0.020904, 0.059633, 0.493226, -0.867855, -0.002746, 0.0, 0.0, 0.0, 1.0],
                [0.996659, 0.029201, 0.076282, 0.135601, 0.058571, -0.906438, -0.418259, -0.01609, 0.056931, 0.421329, -0.905119, 0.016511, 0.0, 0.0, 0.0, 1.0]
            ]
        },
        {
            "name": "Leg_R",
            "time": [0.0, 0.1667, 0.3333, 0.4167],
            "transform": [
                [1.0, 1.6e-05, 9e-06, 0.0, -1.7e-05, 0.629855, 0.776712, 0.374726, 7e-06, -0.776712, 0.629856, -0.0, 0.0, 0.0, 0.0, 1.0],
                [1.0, 1.7e-05, 9e-06, 0.0, -1.7e-05, 0.604295, 0.796761, 0.374726, 8e-06, -0.796761, 0.604295, -0.0, 0.0, 0.0, 0.0, 1.0],
                [1.0, 7e-06, 2e-06, -0.0, -7e-06, 0.944824, 0.327577, 0.374726, 0.0, -0.327577, 0.944825, -0.0, 0.0, 0.0, 0.0, 1.0],
                [1.0, 9e-06, 3e-06, 0.0, -9e-06, 0.90201, 0.431715, 0.374726, 1e-06, -0.431716, 0.90201, -0.0, 0.0, 0.0, 0.0, 1.0]
            ]
        },
        {
            "name": "Knee_R",
            "time": [0.0, 0.4167],
            "transform": [
                [1.0, 0.0, -0.0, -0.0, -0.0, 0.00567, -0.999984, 0.411963, -0.0, 0.999984, 0.00567, -0.000211, 0.0, 0.0, 0.0, 1.0],
                [1.0, 0.0, -0.0, 0.0, -0.0, 0.00567, -0.999984, 0.374726, -0.0, 0.999984, 0.00567, -0.0, 0.0, 0.0, 0.0, 1.0]
            ]
        },
        {
            "name": "Thigh_L",
            "time": [0.0, 0.1667, 0.3333, 0.4167],
            "transform": [
                [0.998252, -0.046436, 0.036555, -0.125006, -0.058835, -0.722534, 0.688828, -0.041123, -0.005574, -0.689775, -0.724003, -0.071809, 0.0, 0.0, 0.0, 1.0],
                [0.998346, -0.048312, 0.031179, -0.125006, -0.057352, -0.797941, 0.600001, -0.016931, -0.004108, -0.600796, -0.799392, -0.120193, 0.0, 0.0, 0.0, 1.0],
                [0.998438, -0.049575, 0.025755, -0.125006, -0.051763, -0.647557, 0.760257, -0.010665, -0.021012, -0.760403, -0.649112, -0.051612, 0.0, 0.0, 0.0, 1.0],
                [0.99847, -0.048569, 0.02644, -0.125006, -0.051766, -0.652741, 0.755811, -0.010665, -0.019451, -0.756023, -0.654256, -0.02754, 0.0, 0.0, 0.0, 1.0]
            ]
        },
        {
            "name": "Leg_L",
            "time": [0.0, 0.1667, 0.3333, 0.4167],
            "transform": [
                [1.0, 1.8e-05, 1e-05, -0.0, -1.8e-05, 0.535109, 0.844783, 0.374726, 9e-06, -0.844783, 0.535109, 0.0, 0.0, 0.0, 0.0, 1.0],
                [1.0, 1.7e-05, 9e-06, 0.0, -1.7e-05, 0.596997, 0.802244, 0.374726, 8e-06, -0.802244, 0.596997, 0.0, 0.0, 0.0, 0.0, 1.0],
                [1.0, 1.5e-05, 7e-06, -0.0, -1.6e-05, 0.679972, 0.733238, 0.374726, 6e-06, -0.733238, 0.679972, 0.0, 0.0, 0.0, 0.0, 1.0],
                [1.0, 1.4e-05, 6e-06, 0.0, -1.5e-05, 0.733357, 0.679843, 0.374726, 5e-06, -0.679844, 0.733357, 0.0, 0.0, 0.0, 0.0, 1.0]
            ]
        },
        {
            "name": "Knee_L",
            "time": [0.0, 0.4167],
            "transform": [
                [1.0, 0.0, -0.0, -0.0, -0.0, 0.00567, -0.999984, 0.424224, -0.0, 0.999984, 0.00567, -0.000281, 0.0, 0.0, 0.0, 1.0],
                [1.0, 0.0, -0.0, 0.0, -0.0, 0.00567, -0.999984, 0.397059, -0.0, 0.999984, 0.00567, -0.000127, 0.0, 0.0, 0.0, 1.0]
            ]
        },
        {
            "name": "Torso",
            "time": [0.0, 0.1667, 0.3333, 0.4167],
            "transform": [
                [0.953153, 0.0, -0.302488, 0.0, 0.022304, 0.997278, 0.070282, 0.05, 0.301665, -0.073736, 0.950558, 0.0, 0.0, 0.0, 0.0, 1.0],
                [0.731258, 0.031664, -0.681366, 0.0, 0.022304, 0.997278, 0.070282, 0.05, 0.681736, -0.066592, 0.728561, 0.0, 0.0, 0.0, 0.0, 1.0],
                [0.998435, -0.045184, 0.032941, 0.0, 0.039168, 0.985568, 0.164689, 0.05, -0.039907, -0.163141, 0.985795, 0.0, 0.0, 0.0, 0.0, 1.0],
                [0.94784, -0.088821, 0.306121, 0.0, 0.039168, 0.985568, 0.164689, 0.05, -0.31633, -0.144108, 0.93764, 0.0, 0.0, 0.0, 0.0, 1.0]
            ]
        },
        {
            "name": "Chest",
            "time": [0.0, 0.1667, 0.3333, 0.4167],
            "transform": [
                [0.899736, 0.028693, -0.435491, 0.0, 0.018712, 0.994383, 0.104177, 0.3, 0.436034, -0.101881, 0.894145, -0.0, 0.0, 0.0, 0.0, 1.0],
                [0.845827, 0.040015, -0.531954, -0.0, 0.040458, 0.989499, 0.138761, 0.3, 0.531921, -0.138889, 0.835326, 0.0, 0.0, 0.0, 0.0, 1.0],
                [0.967932, 0.049858, 0.246214, 0.0, -0.042652, 0.998494, -0.034514, 0.3, -0.247564, 0.022905, 0.968601, -0.0, 0.0, 0.0, 0.0, 1.0],
                [0.956037, 0.043336, 0.290028, -0.0, -0.034894, 0.998805, -0.034217, 0.3, -0.291164, 0.022592, 0.956406, -0.0, 0.0, 0.0, 0.0, 1.0]
            ]
        },
        {
            "name": "Head",
            "time": [0.0, 0.1667, 0.3333, 0.4167],
            "transform": [
                [0.815703, 0.113297, 0.567267, -0.0, 0.030701, 0.970772, -0.238034, 0.4, -0.577655, 0.211581, 0.788383, 0.0, 0.0, 0.0, 0.0, 1.0],
                [0.722319, 0.117122, 0.681571, -0.0, 0.060989, 0.970926, -0.231481, 0.4, -0.688866, 0.208771, 0.694175, 0.0, 0.0, 0.0, 0.0, 1.0],
                [0.995118, 0.074511, 0.064722, -0.0, -0.054673, 0.962133, -0.267042, 0.4, -0.082169, 0.2622, 0.961509, 0.0, 0.0, 0.0, 0.0, 1.0],
                [0.995996, 0.055848, -0.069807, 0.0, -0.072914, 0.959283, -0.272872, 0.4, 0.051725, 0.276869, 0.959515, 0.0, 0.0, 0.0, 0.0, 1.0]
            ]
        },
        {
            "name": "Shoulder_R",
            "time": [0.0, 0.4167],
            "transform": [
                [0.0, 0.952114, 0.305743, -0.0, 0.0, -0.305743, 0.952114, 0.4, 1.0, 0.0, -0.0, 0.0, 0.0, 0.0, 0.0, 1.0],
                [0.0, 0.952114, 0.305743, 0.0, 0.0, -0.305743, 0.952114, 0.4, 1.0, -0.0, -0.0, 0.0, 0.0, 0.0, 0.0, 1.0]
            ]
        },
        {
            "name": "Arm_R",
            "time": [0.0, 0.1667, 0.3333, 0.4167],
            "transform": [
                [-0.388685, 0.241011, -0.889291, 0.0, 0.564143, 0.82536, -0.022887, 0.39386, 0.728469, -0.510583, -0.45677, -0.0, 0.0, 0.0, 0.0, 1.0],
                [-0.388685, 0.241011, -0.88929, 0.0, 0.564143, 0.82536, -0.022887, 0.393861, 0.728469, -0.510583, -0.45677, -0.0, 0.0, 0.0, 0.0, 1.0],
                [0.29682, -0.657012, -0.692989, -0.0, 0.757239, 0.604071, -0.248371, 0.393861, 0.581797, -0.451036, 0.676815, -0.0, 0.0, 0.0, 0.0, 1.0],
                [0.526699, -0.530041, -0.664564, -0.0, 0.674359, 0.736502, -0.052956, 0.39386, 0.517522, -0.420263, 0.745353, 0.0, 0.0, 0.0, 0.0, 1.0]
            ]
        },
        {
            "name": "Hand_R",
            "time": [0.0, 0.1667, 0.3333, 0.4167],
            "transform": [
                [1.0, 0.0, 0.0, 0.0, 0.0, 0.542966, -0.839755, 0.300003, -0.0, 0.839755, 0.542966, -0.0, 0.0, 0.0, 0.0, 1.0],
                [1.0, 0.0, 0.0, 0.0, 0.0, 0.542966, -0.839755, 0.300003, -0.0, 0.839755, 0.542966, -0.0, 0.0, 0.0, 0.0, 1.0],
                [1.0, 0.0, 0.0, 0.0, 0.0, 0.728821, -0.684704, 0.300003, -0.0, 0.684704, 0.728821, -0.0, 0.0, 0.0, 0.0, 1.0],
                [1.0, 0.0, 0.0, -0.0, 0.0, 0.728821, -0.684704, 0.300003, -0.0, 0.684704, 0.728821, -0.0, 0.0, 0.0, 0.0, 1.0]
            ]
        },
        {
            "name": "Tool_R",
            "time": [0.0, 0.1667, 0.3333, 0.4167],
            "transform": [
                [0.990426, -0.026039, -0.135568, -0.02032, -0.06012, -0.965389, -0.253791, 0.291163, -0.124268, 0.259512, -0.957712, 0.168641, 0.0, 0.0, 0.0, 1.0],
                [0.990426, -0.026039, -0.135569, -0.02032, -0.06012, -0.965389, -0.253791, 0.291163, -0.124268, 0.259512, -0.957712, 0.168641, 0.0, 0.0, 0.0, 1.0],
                [0.975942, -0.197502, -0.092361, 0.002194, -0.14371, -0.264133, -0.95372, 0.424231, 0.163966, 0.944049, -0.286162, 0.164464, 0.0, 0.0, 0.0, 1.0],
                [0.976761, -0.196386, -0.085856, 0.002194, -0.137619, -0.267547, -0.953667, 0.424231, 0.164316, 0.94332, -0.288356, 0.164464, 0.0, 0.0, 0.0, 1.0]
            ]
        },
        {
            "name": "Elbow_R",
            "time": [0.0, 0.4167],
            "transform": [
                [-1.0, 0.0, -0.0, 0.0, 0.0, 0.003946, -0.999992, 0.392611, -0.0, -0.999992, -0.003946, -0.000887, 0.0, 0.0, 0.0, 1.0],
                [-1.0, 0.0, -0.0, 0.0, 0.0, 0.003946, -0.999992, 0.369874, -0.0, -0.999993, -0.003946, -0.000977, 0.0, 0.0, 0.0, 1.0]
            ]
        },
        {
            "name": "Shoulder_L",
            "time": [0.0, 0.4167],
            "transform": [
                [-0.0, -0.952114, -0.305743, -0.0, 0.0, -0.305743, 0.952114, 0.4, -1.0, 0.0, 0.0, 0.0, 0.0, 0.0, 0.0, 1.0],
                [-0.0, -0.952114, -0.305743, 0.0, 0.0, -0.305743, 0.952114, 0.4, -1.0, -0.0, 0.0, 0.0, 0.0, 0.0, 0.0, 1.0]
            ]
        },
        {
            "name": "Arm_L",
            "time": [0.0, 0.1667, 0.3333, 0.4167],
            "transform": [
                [-0.409966, 0.796406, 0.444596, 0.0, -0.370515, 0.3, -0.879044, 0.39386, -0.833455, -0.525107, 0.17209, 0.0, 0.0, 0.0, 0.0, 1.0],
                [-0.330166, 0.784429, 0.525036, -0.0, -0.427282, 0.371775, -0.824144, 0.39386, -0.841677, -0.496442, 0.212424, 0.0, 0.0, 0.0, 0.0, 1.0],
                [-0.451838, 0.711719, 0.537864, 0.0, -0.445601, 0.342261, -0.827222, 0.39386, -0.77284, -0.613443, 0.162496, 0.0, 0.0, 0.0, 0.0, 1.0],
                [-0.451838, 0.711719, 0.537864, 0.0, -0.445601, 0.342261, -0.827222, 0.39386, -0.77284, -0.613443, 0.162496, 0.0, 0.0, 0.0, 0.0, 1.0]
            ]
        },
        {
            "name": "Hand_L",
            "time": [0.0, 0.1667, 0.3333, 0.4167],
            "transform": [
                [1.0, 0.0, 0.0, 0.0, -0.0, 0.324226, -0.94598, 0.300003, 0.0, 0.94598, 0.324226, 0.0, 0.0, 0.0, 0.0, 1.0],
                [1.0, 0.0, -0.0, 0.0, -0.0, 0.36357, -0.931567, 0.300003, -0.0, 0.931567, 0.36357, 0.0, 0.0, 0.0, 0.0, 1.0],
                [1.0, 0.0, 0.0, 0.0, 0.0, 0.438076, -0.898938, 0.300002, -0.0, 0.898938, 0.438076, 0.0, 0.0, 0.0, 0.0, 1.0],
                [1.0, 0.0, 0.0, -0.0, 0.0, 0.438076, -0.898938, 0.300002, -0.0, 0.898938, 0.438076, 0.0, 0.0, 0.0, 0.0, 1.0]
            ]
        },
        {
            "name": "Tool_L",
            "time": [0.0, 0.1667, 0.3333, 0.4167],
            "transform": [
                [0.789176, -0.293745, 0.539366, -0.023386, -0.378866, -0.92404, 0.051097, 0.281609, 0.483386, -0.244672, -0.84052, -0.01952, 0.0, 0.0, 0.0, 1.0],
                [0.789176, -0.293745, 0.539366, -0.023386, -0.378866, -0.92404, 0.051097, 0.281609, 0.483386, -0.244672, -0.84052, -0.01952, 0.0, 0.0, 0.0, 1.0],
                [0.789176, -0.293745, 0.539366, -0.023386, -0.378866, -0.92404, 0.051097, 0.281609, 0.483386, -0.244672, -0.84052, -0.01952, 0.0, 0.0, 0.0, 1.0],
                [0.789176, -0.293745, 0.539366, -0.023386, -0.378866, -0.92404, 0.051097, 0.281609, 0.483386, -0.244672, -0.84052, -0.01952, 0.0, 0.0, 0.0, 1.0]
            ]
        },
        {
            "name": "Elbow_L",
            "time": [0.0, 0.4167],
            "transform": [
                [-1.0, 0.0, -0.0, -0.0, 0.0, 0.003946, -0.999992, 0.415455, -0.0, -0.999993, -0.003946, -0.000797, 0.0, 0.0, 0.0, 1.0],
                [-1.0, 0.0, -0.0, -0.0, 0.0, 0.003946, -0.999992, 0.403904, -0.0, -0.999992, -0.003946, -0.000842, 0.0, 0.0, 0.0, 1.0]
            ]
        },
        {
            "name": "IK-Thigh_R",
            "time": [0.0, 0.1667, 0.3333, 0.4167],
            "transform": [
                [0.69796, 0.323257, 0.639028, 0.132714, 0.25538, -0.94601, 0.199614, -0.015969, 0.669054, 0.023873, -0.742831, 0.037085, 0.0, 0.0, 0.0, 1.0],
                [0.712505, 0.327275, 0.620667, 0.132714, 0.235896, -0.944801, 0.227388, -0.015969, 0.660824, -0.015602, -0.750379, 0.053213, 0.0, 0.0, 0.0, 1.0],
                [0.99622, 0.025606, 0.083006, 0.135601, 0.063163, -0.869525, -0.489834, -0.020904, 0.059633, 0.493226, -0.867855, -0.002746, 0.0, 0.0, 0.0, 1.0],
                [0.996659, 0.029201, 0.076282, 0.135601, 0.058571, -0.906438, -0.418259, -0.01609, 0.056931, 0.421329, -0.905119, 0.016511, 0.0, 0.0, 0.0, 1.0]
            ]
        },
        {
            "name": "IK-Leg_R",
            "time": [0.0, 0.4167],
            "transform": [
                [1.0, 1.6e-05, 9e-06, 0.0, -1.7e-05, 0.629855, 0.776712, 0.374726, 7e-06, -0.776712, 0.629856, -0.0, 0.0, 0.0, 0.0, 1.0],
                [1.0, 9e-06, 3e-06, -0.0, -9e-06, 0.90201, 0.431715, 0.374726, 1e-06, -0.431716, 0.90201, -0.0, 0.0, 0.0, 0.0, 1.0]
            ]
        },
        {
            "name": "IK-Thigh_L",
            "time": [0.0, 0.1667, 0.3333, 0.4167],
            "transform": [
                [0.998252, -0.046436, 0.036555, -0.125006, -0.058835, -0.722534, 0.688828, -0.041123, -0.005574, -0.689775, -0.724003, -0.071809, 0.0, 0.0, 0.0, 1.0],
                [0.998346, -0.048312, 0.031179, -0.125006, -0.057352, -0.797941, 0.600001, -0.016931, -0.004108, -0.600796, -0.799392, -0.120193, 0.0, 0.0, 0.0, 1.0],
                [0.998438, -0.049575, 0.025755, -0.125006, -0.051763, -0.647557, 0.760257, -0.010665, -0.021012, -0.760403, -0.649112, -0.051612, 0.0, 0.0, 0.0, 1.0],
                [0.99847, -0.048569, 0.02644, -0.125006, -0.051766, -0.652741, 0.755811, -0.010665, -0.019451, -0.756023, -0.654256, -0.02754, 0.0, 0.0, 0.0, 1.0]
            ]
        }
    ]
}